4 4 4 20 64 1 1 1 7
4 4 4 21 -59 1 1 1 7
4 4 4 22 -62 1 1 1 7
4 4 4 23 -65 1 1 1 7
4 4 4 24 16 1 1 1 11
4 4 4 25 -71 1 1 1 11
4 4 4 26 -74 1 1 1 11
4 4 4 27 -77 1 1 1 11
4 4 4 28 -80 1 1 1 16
4 4 4 29 -83 1 1 1 16
4 4 4 30 -86 1 1 1 16
4 4 4 31 -89 1 1 1 16
4 4 4 32 -92 1 1 1 23
4 4 4 33 -95 1 1 1 23
4 4 4 34 -98 1 1 1 23
4 4 4 35 -101 1 1 1 23
4 4 4 36 -104 1 1 1 31
4 4 4 37 -107 1 1 1 31
4 4 4 38 -110 1 1 1 31
4 4 4 39 -113 1 1 1 31
4 4 4 40 -116 1 1 1 41
4 4 4 41 -119 1 1 1 41
4 4 4 42 -122 1 1 1 41
4 4 4 43 -125 1 1 1 41
4 4 4 44 -128 1 1 1 53
4 4 4 45 -131 1 1 1 53
4 4 4 46 -134 1 1 1 53
4 4 4 47 -137 1 1 1 53
4 4 4 48 -140 1 1 1 67
4 4 4 49 -143 1 1 1 67
4 4 4 50 -146 1 1 1 67
4 4 4 51 -149 1 1 1 67
4 4 4 52 -152 1 1 1 83
4 4 4 53 -155 1 1 1 83
4 4 4 54 -158 1 1 1 83
4 4 4 55 -161 1 1 1 83
4 4 4 56 -164 1 1 1 102
4 4 4 57 -167 1 1 1 102
4 4 4 58 -170 1 1 1 102
4 4 4 59 -173 1 1 1 102
4 4 4 60 -176 1 1 1 123
4 4 4 61 -179 1 1 1 123
4 4 4 62 -182 1 1 1 123
4 4 4 63 -185 1 1 1 123
4 4 4 64 -188 1 1 1 147
4 4 5 20 -32 1 1 1 7
4 4 5 21 -59 1 1 1 9
4 4 5 22 -62 1 1 1 11
4 4 5 23 -65 1 1 1 12
4 4 5 24 -68 1 1 1 13
4 4 5 25 -71 1 1 1 16
4 4 5 26 -74 1 1 1 18
4 4 5 27 -77 1 1 1 20
4 4 5 28 -80 1 1 1 21
4 4 5 29 -83 1 1 1 25
4 4 5 30 -86 1 1 1 28
4 4 5 31 -89 1 1 1 30
4 4 5 32 -92 1 1 1 32
4 4 5 33 -95 1 1 1 37
4 4 5 34 -98 1 1 1 41
4 4 5 35 -101 1 1 1 44
4 4 5 36 -104 1 1 1 46
4 4 5 37 -107 1 1 1 52
4 4 5 38 -110 1 1 1 57
4 4 5 39 -113 1 1 1 61
4 4 5 40 -116 1 1 1 64
4 4 5 41 -119 1 1 1 71
4 4 5 42 -122 1 1 1 77
4 4 5 43 -125 1 1 1 82
4 4 5 44 -128 1 1 1 86
4 4 5 45 -131 1 1 1 94
4 4 5 46 -134 1 1 1 101
4 4 5 47 -137 1 1 1 107
4 4 5 48 -140 1 1 1 112
4 4 5 49 -143 1 1 1 122
4 4 5 50 -146 1 1 1 130
4 4 5 51 -149 1 1 1 137
4 4 5 52 -152 1 1 1 143
4 4 5 53 -155 1 1 1 154
4 4 5 54 -158 1 1 1 164
4 4 5 55 -161 1 1 1 172
4 4 5 56 -164 1 1 1 179
4 4 5 57 -167 1 1 1 192
4 4 5 58 -170 1 1 1 203
4 4 5 59 -173 1 1 1 213
4 4 5 60 -176 1 1 1 221
4 4 5 61 -179 1 1 1 235
4 4 5 62 -182 1 1 1 248
4 4 5 63 -185 1 1 1 259
4 4 5 64 -188 1 1 1 269
4 4 6 20 -16 1 1 1 6
4 4 6 21 -59 1 1 1 6
4 4 6 22 -62 1 1 1 9
4 4 6 23 -65 1 1 1 9
4 4 6 24 -64 1 1 1 11
4 4 6 25 -71 1 1 1 11
4 4 6 26 -74 1 1 1 15
4 4 6 27 -77 1 1 1 15
4 4 6 28 -80 1 1 1 18
4 4 6 29 -83 1 1 1 18
4 4 6 30 -86 1 1 1 23
4 4 6 31 -89 1 1 1 23
4 4 6 32 -92 1 1 1 27
4 4 6 33 -95 1 1 1 27
4 4 6 34 -98 1 1 1 34
4 4 6 35 -101 1 1 1 34
4 4 6 36 -104 1 1 1 39
4 4 6 37 -107 1 1 1 39
4 4 6 38 -110 1 1 1 47
4 4 6 39 -113 1 1 1 47
4 4 6 40 -116 1 1 1 54
4 4 6 41 -119 1 1 1 54
4 4 6 42 -122 1 1 1 64
4 4 6 43 -125 1 1 1 64
4 4 6 44 -128 1 1 1 72
4 4 6 45 -131 1 1 1 72
4 4 6 46 -134 1 1 1 84
4 4 6 47 -137 1 1 1 84
4 4 6 48 -140 1 1 1 94
4 4 6 49 -143 1 1 1 94
4 4 6 50 -146 1 1 1 108
4 4 6 51 -149 1 1 1 108
4 4 6 52 -152 1 1 1 120
4 4 6 53 -155 1 1 1 120
4 4 6 54 -158 1 1 1 136
4 4 6 55 -161 1 1 1 136
4 4 6 56 -164 1 1 1 150
4 4 6 57 -167 1 1 1 150
4 4 6 58 -170 1 1 1 169
4 4 6 59 -173 1 1 1 169
4 4 6 60 -176 1 1 1 185
4 4 6 61 -179 1 1 1 185
4 4 6 62 -182 1 1 1 206
4 4 6 63 -185 1 1 1 206
4 4 6 64 -188 1 1 1 225
4 4 7 20 -28 1 1 1 5
4 4 7 21 -59 1 1 1 5
4 4 7 22 -62 1 1 1 6
4 4 7 23 -65 1 1 1 8
4 4 7 24 -68 1 1 1 8
4 4 7 25 -71 1 1 1 9
4 4 7 26 -74 1 1 1 11
4 4 7 27 -77 1 1 1 14
4 4 7 28 -80 1 1 1 14
4 4 7 29 -83 1 1 1 15
4 4 7 30 -86 1 1 1 17
4 4 7 31 -89 1 1 1 20
4 4 7 32 -92 1 1 1 21
4 4 7 33 -95 1 1 1 23
4 4 7 34 -98 1 1 1 26
4 4 7 35 -101 1 1 1 30
4 4 7 36 -104 1 1 1 31
4 4 7 37 -107 1 1 1 33
4 4 7 38 -110 1 1 1 36
4 4 7 39 -113 1 1 1 41
4 4 7 40 -116 1 1 1 43
4 4 7 41 -119 1 1 1 46
4 4 7 42 -122 1 1 1 50
4 4 7 43 -125 1 1 1 56
4 4 7 44 -128 1 1 1 58
4 4 7 45 -131 1 1 1 61
4 4 7 46 -134 1 1 1 66
4 4 7 47 -137 1 1 1 73
4 4 7 48 -140 1 1 1 76
4 4 7 49 -143 1 1 1 80
4 4 7 50 -146 1 1 1 86
4 4 7 51 -149 1 1 1 94
4 4 7 52 -152 1 1 1 97
4 4 7 53 -155 1 1 1 102
4 4 7 54 -158 1 1 1 109
4 4 7 55 -161 1 1 1 118
4 4 7 56 -164 1 1 1 122
4 4 7 57 -167 1 1 1 128
4 4 7 58 -170 1 1 1 136
4 4 7 59 -173 1 1 1 146
4 4 7 60 -176 1 1 1 151
4 4 7 61 -179 1 1 1 158
4 4 7 62 -182 1 1 1 167
4 4 7 63 -185 1 1 1 178
4 4 7 64 -188 1 1 1 184
4 4 8 20 24 1 1 1 5
4 4 8 21 -59 1 1 1 5
4 4 8 22 -62 1 1 1 5
4 4 8 23 -65 1 1 1 5
4 4 8 24 -4 1 2 1 8
4 4 8 25 -71 1 1 1 8
4 4 8 26 -74 1 1 1 8
4 4 8 27 -77 1 1 1 8
4 4 8 28 -80 1 1 1 14
4 4 8 29 -83 1 1 1 14
4 4 8 30 -86 1 1 1 14
4 4 8 31 -89 1 1 1 14
4 4 8 32 -92 1 1 1 20
4 4 8 33 -95 1 1 1 20
4 4 8 34 -98 1 1 1 20
4 4 8 35 -101 1 1 1 20
4 4 8 36 -104 1 1 1 30
4 4 8 37 -107 1 1 1 30
4 4 8 38 -110 1 1 1 30
4 4 8 39 -113 1 1 1 30
4 4 8 40 -116 1 1 1 40
4 4 8 41 -119 1 1 1 40
4 4 8 42 -122 1 1 1 40
4 4 8 43 -125 1 1 1 40
4 4 8 44 -128 1 1 1 55
4 4 8 45 -131 1 1 1 55
4 4 8 46 -134 1 1 1 55
4 4 8 47 -137 1 1 1 55
4 4 8 48 -140 1 1 1 70
4 4 8 49 -143 1 1 1 70
4 4 8 50 -146 1 1 1 70
4 4 8 51 -149 1 1 1 70
4 4 8 52 -152 1 1 1 91
4 4 8 53 -155 1 1 1 91
4 4 8 54 -158 1 1 1 91
4 4 8 55 -161 1 1 1 91
4 4 8 56 -164 1 1 1 112
4 4 8 57 -167 1 1 1 112
4 4 8 58 -170 1 1 1 112
4 4 8 59 -173 1 1 1 112
4 4 8 60 -176 1 1 1 140
4 4 8 61 -179 1 1 1 140
4 4 8 62 -182 1 1 1 140
4 4 8 63 -185 1 1 1 140
4 4 8 64 -188 1 1 1 168
4 4 10 20 -16 1 1 1 2
4 4 10 21 -57 1 1 1 2
4 4 10 22 -62 1 1 1 4
4 4 10 23 -65 1 1 1 4
4 4 10 24 -48 1 1 1 5
4 4 10 25 -71 1 1 1 5
4 4 10 26 -74 1 1 1 7
4 4 10 27 -77 1 1 1 7
4 4 10 28 -80 1 1 1 8
4 4 10 29 -83 1 1 1 8
4 4 10 30 -86 1 1 1 11
4 4 10 31 -89 1 1 1 11
4 4 10 32 -92 1 1 1 13
4 4 10 33 -95 1 1 1 13
4 4 10 34 -98 1 1 1 17
4 4 10 35 -101 1 1 1 17
4 4 10 36 -104 1 1 1 19
4 4 10 37 -107 1 1 1 19
4 4 10 38 -110 1 1 1 24
4 4 10 39 -113 1 1 1 24
4 4 10 40 -116 1 1 1 27
4 4 10 41 -119 1 1 1 27
4 4 10 42 -122 1 1 1 33
4 4 10 43 -125 1 1 1 33
4 4 10 44 -128 1 1 1 37
4 4 10 45 -131 1 1 1 37
4 4 10 46 -134 1 1 1 44
4 4 10 47 -137 1 1 1 44
4 4 10 48 -140 1 1 1 49
4 4 10 49 -143 1 1 1 49
4 4 10 50 -146 1 1 1 57
4 4 10 51 -149 1 1 1 57
4 4 10 52 -152 1 1 1 63
4 4 10 53 -155 1 1 1 63
4 4 10 54 -158 1 1 1 73
4 4 10 55 -161 1 1 1 73
4 4 10 56 -164 1 1 1 80
4 4 10 57 -167 1 1 1 80
4 4 10 58 -170 1 1 1 91
4 4 10 59 -173 1 1 1 91
4 4 10 60 -176 1 1 1 99
4 4 10 61 -179 1 1 1 99
4 4 10 62 -182 1 1 1 112
4 4 10 63 -185 1 1 1 112
4 4 10 64 -188 1 1 1 122
4 4 12 20 0 1 1 1 2
4 4 12 21 -59 1 1 1 2
4 4 12 22 -62 1 1 1 2
4 4 12 23 -65 1 1 1 2
4 4 12 24 -20 1 2 1 4
4 4 12 25 -69 1 1 1 4
4 4 12 26 -74 1 1 1 4
4 4 12 27 -77 1 1 1 4
4 4 12 28 -80 1 1 1 7
4 4 12 29 -83 1 1 1 7
4 4 12 30 -86 1 1 1 7
4 4 12 31 -89 1 1 1 7
4 4 12 32 -92 1 1 1 11
4 4 12 33 -95 1 1 1 11
4 4 12 34 -98 1 1 1 11
4 4 12 35 -101 1 1 1 11
4 4 12 36 -104 1 1 1 16
4 4 12 37 -107 1 1 1 16
4 4 12 38 -110 1 1 1 16
4 4 12 39 -113 1 1 1 16
4 4 12 40 -116 1 1 1 23
4 4 12 41 -119 1 1 1 23
4 4 12 42 -122 1 1 1 23
4 4 12 43 -125 1 1 1 23
4 4 12 44 -128 1 1 1 31
4 4 12 45 -131 1 1 1 31
4 4 12 46 -134 1 1 1 31
4 4 12 47 -137 1 1 1 31
4 4 12 48 -140 1 1 1 41
4 4 12 49 -143 1 1 1 41
4 4 12 50 -146 1 1 1 41
4 4 12 51 -149 1 1 1 41
4 4 12 52 -152 1 1 1 53
4 4 12 53 -155 1 1 1 53
4 4 12 54 -158 1 1 1 53
4 4 12 55 -161 1 1 1 53
4 4 12 56 -164 1 1 1 67
4 4 12 57 -167 1 1 1 67
4 4 12 58 -170 1 1 1 67
4 4 12 59 -173 1 1 1 67
4 4 12 60 -176 1 1 1 83
4 4 12 61 -179 1 1 1 83
4 4 12 62 -182 1 1 1 83
4 4 12 63 -185 1 1 1 83
4 4 12 64 -188 1 1 1 102
4 4 16 20 0 1 1 1 1
4 4 16 21 -54 1 1 1 1
4 4 16 22 -60 1 1 1 1
4 4 16 23 -65 1 1 1 1
4 4 16 24 -36 1 1 1 2
4 4 16 25 -71 1 1 1 2
4 4 16 26 -74 1 1 1 2
4 4 16 27 -77 1 1 1 2
4 4 16 28 -80 1 1 1 4
4 4 16 29 -83 1 1 1 4
4 4 16 30 -86 1 1 1 4
4 4 16 31 -89 1 1 1 4
4 4 16 32 -84 1 1 1 6
4 4 16 33 -93 1 1 1 6
4 4 16 34 -98 1 1 1 6
4 4 16 35 -101 1 1 1 6
4 4 16 36 -104 1 1 1 10
4 4 16 37 -107 1 1 1 10
4 4 16 38 -110 1 1 1 10
4 4 16 39 -113 1 1 1 10
4 4 16 40 -116 1 1 1 14
4 4 16 41 -119 1 1 1 14
4 4 16 42 -122 1 1 1 14
4 4 16 43 -125 1 1 1 14
4 4 16 44 -128 1 1 1 20
4 4 16 45 -131 1 1 1 20
4 4 16 46 -134 1 1 1 20
4 4 16 47 -137 1 1 1 20
4 4 16 48 -140 1 1 1 26
4 4 16 49 -143 1 1 1 26
4 4 16 50 -146 1 1 1 26
4 4 16 51 -149 1 1 1 26
4 4 16 52 -152 1 1 1 35
4 4 16 53 -155 1 1 1 35
4 4 16 54 -158 1 1 1 35
4 4 16 55 -161 1 1 1 35
4 4 16 56 -164 1 1 1 44
4 4 16 57 -167 1 1 1 44
4 4 16 58 -170 1 1 1 44
4 4 16 59 -173 1 1 1 44
4 4 16 60 -176 1 1 1 56
4 4 16 61 -179 1 1 1 56
4 4 16 62 -182 1 1 1 56
4 4 16 63 -185 1 1 1 56
4 4 16 64 -188 1 1 1 68
4 4 20 24 -44 1 1 1 1
4 4 20 25 -62 1 1 1 1
4 4 20 26 -68 1 1 1 1
4 4 20 27 -74 1 1 1 1
4 4 20 28 -80 1 1 1 2
4 4 20 29 -83 1 1 1 2
4 4 20 30 -86 1 1 1 2
4 4 20 31 -89 1 1 1 2
4 4 20 32 -92 1 1 1 4
4 4 20 33 -95 1 1 1 4
4 4 20 34 -98 1 1 1 4
4 4 20 35 -101 1 1 1 4
4 4 20 36 -104 1 1 1 6
4 4 20 37 -107 1 1 1 6
4 4 20 38 -110 1 1 1 6
4 4 20 39 -113 1 1 1 6
4 4 20 40 -108 1 1 1 9
4 4 20 41 -117 1 1 1 9
4 4 20 42 -122 1 1 1 9
4 4 20 43 -125 1 1 1 9
4 4 20 44 -128 1 1 1 13
4 4 20 45 -131 1 1 1 13
4 4 20 46 -134 1 1 1 13
4 4 20 47 -137 1 1 1 13
4 4 20 48 -140 1 1 1 18
4 4 20 49 -143 1 1 1 18
4 4 20 50 -146 1 1 1 18
4 4 20 51 -149 1 1 1 18
4 4 20 52 -152 1 1 1 24
4 4 20 53 -155 1 1 1 24
4 4 20 54 -158 1 1 1 24
4 4 20 55 -161 1 1 1 24
4 4 20 56 -164 1 1 1 31
4 4 20 57 -167 1 1 1 31
4 4 20 58 -170 1 1 1 31
4 4 20 59 -173 1 1 1 31
4 4 20 60 -176 1 1 1 39
4 4 20 61 -179 1 1 1 39
4 4 20 62 -182 1 1 1 39
4 4 20 63 -185 1 1 1 39
4 4 20 64 -188 1 1 1 49
4 4 24 28 -64 1 1 1 1
4 4 24 29 -70 1 1 1 1
4 4 24 30 -76 1 1 1 1
4 4 24 31 -82 1 1 1 1
4 4 24 32 -88 1 1 1 2
4 4 24 33 -94 1 1 1 2
4 4 24 34 -98 1 1 1 2
4 4 24 35 -101 1 1 1 2
4 4 24 36 -104 1 1 1 4
4 4 24 37 -107 1 1 1 4
4 4 24 38 -110 1 1 1 4
4 4 24 39 -113 1 1 1 4
4 4 24 40 -116 1 1 1 6
4 4 24 41 -119 1 1 1 6
4 4 24 42 -122 1 1 1 6
4 4 24 43 -125 1 1 1 6
4 4 24 44 -128 1 1 1 9
4 4 24 45 -131 1 1 1 9
4 4 24 46 -134 1 1 1 9
4 4 24 47 -137 1 1 1 9
4 4 24 48 -132 1 1 1 12
4 4 24 49 -141 1 1 1 12
4 4 24 50 -146 1 1 1 12
4 4 24 51 -149 1 1 1 12
4 4 24 52 -152 1 1 1 17
4 4 24 53 -155 1 1 1 17
4 4 24 54 -158 1 1 1 17
4 4 24 55 -161 1 1 1 17
4 4 24 56 -164 1 1 1 22
4 4 24 57 -167 1 1 1 22
4 4 24 58 -170 1 1 1 22
4 4 24 59 -173 1 1 1 22
4 4 24 60 -176 1 1 1 29
4 4 24 61 -179 1 1 1 29
4 4 24 62 -182 1 1 1 29
4 4 24 63 -185 1 1 1 29
4 4 24 64 -188 1 1 1 36
4 5 5 20 -32 1 1 1 7
4 5 5 21 -59 1 1 1 7
4 5 5 22 -62 1 1 1 8
4 5 5 23 -65 1 1 1 9
4 5 5 24 -68 1 1 1 11
4 5 5 25 -71 1 1 1 13
4 5 5 26 -74 1 1 1 14
4 5 5 27 -77 1 1 1 15
4 5 5 28 -80 1 1 1 17
4 5 5 29 -83 1 1 1 19
4 5 5 30 -86 1 1 1 23
4 5 5 31 -89 1 1 1 24
4 5 5 32 -92 1 1 1 26
4 5 5 33 -95 1 1 1 28
4 5 5 34 -98 1 1 1 32
4 5 5 35 -101 1 1 1 36
4 5 5 36 -104 1 1 1 38
4 5 5 37 -107 1 1 1 40
4 5 5 38 -110 1 1 1 44
4 5 5 39 -113 1 1 1 48
4 5 5 40 -116 1 1 1 54
4 5 5 41 -119 1 1 1 56
4 5 5 42 -122 1 1 1 60
4 5 5 43 -125 1 1 1 64
4 5 5 44 -128 1 1 1 70
4 5 5 45 -131 1 1 1 76
4 5 5 46 -134 1 1 1 80
4 5 5 47 -137 1 1 1 84
4 5 5 48 -140 1 1 1 90
4 5 5 49 -143 1 1 1 96
4 5 5 50 -146 1 1 1 105
4 5 5 51 -149 1 1 1 109
4 5 5 52 -152 1 1 1 115
4 5 5 53 -155 1 1 1 121
4 5 5 54 -158 1 1 1 130
4 5 5 55 -161 1 1 1 139
4 5 5 56 -164 1 1 1 145
4 5 5 57 -167 1 1 1 151
4 5 5 58 -170 1 1 1 160
4 5 5 59 -173 1 1 1 169
4 5 5 60 -176 1 1 1 181
4 5 5 61 -179 1 1 1 187
4 5 5 62 -182 1 1 1 196
4 5 5 63 -185 1 1 1 205
4 5 5 64 -188 1 1 1 217
4 5 6 20 -56 1 1 1 6
4 5 6 21 -59 1 1 1 8
4 5 6 22 -62 1 1 1 9
4 5 6 23 -65 1 1 1 11
4 5 6 24 -68 1 1 1 12
4 5 6 25 -71 1 1 1 14
4 5 6 26 -74 1 1 1 16
4 5 6 27 -77 1 1 1 19
4 5 6 28 -80 1 1 1 21
4 5 6 29 -83 1 1 1 24
4 5 6 30 -86 1 1 1 26
4 5 6 31 -89 1 1 1 30
4 5 6 32 -92 1 1 1 33
4 5 6 33 -95 1 1 1 37
4 5 6 34 -98 1 1 1 40
4 5 6 35 -101 1 1 1 45
4 5 6 36 -104 1 1 1 49
4 5 6 37 -107 1 1 1 54
4 5 6 38 -110 1 1 1 58
4 5 6 39 -113 1 1 1 64
4 5 6 40 -116 1 1 1 69
4 5 6 41 -119 1 1 1 76
4 5 6 42 -122 1 1 1 81
4 5 6 43 -125 1 1 1 88
4 5 6 44 -128 1 1 1 94
4 5 6 45 -131 1 1 1 102
4 5 6 46 -134 1 1 1 109
4 5 6 47 -137 1 1 1 118
4 5 6 48 -140 1 1 1 125
4 5 6 49 -143 1 1 1 134
4 5 6 50 -146 1 1 1 142
4 5 6 51 -149 1 1 1 153
4 5 6 52 -152 1 1 1 162
4 5 6 53 -155 1 1 1 173
4 5 6 54 -158 1 1 1 182
4 5 6 55 -161 1 1 1 194
4 5 6 56 -164 1 1 1 205
4 5 6 57 -167 1 1 1 218
4 5 6 58 -170 1 1 1 229
4 5 6 59 -173 1 1 1 243
4 5 6 60 -176 1 1 1 255
4 5 6 61 -179 1 1 1 270
4 5 6 62 -182 1 1 1 283
4 5 6 63 -185 1 1 1 299
4 5 6 64 -188 1 1 1 313
4 5 7 20 -56 1 1 1 5
4 5 7 21 -59 1 1 1 6
4 5 7 22 -62 1 1 1 7
4 5 7 23 -65 1 1 1 8
4 5 7 24 -68 1 1 1 10
4 5 7 25 -71 1 1 1 11
4 5 7 26 -74 1 1 1 13
4 5 7 27 -77 1 1 1 15
4 5 7 28 -80 1 1 1 17
4 5 7 29 -83 1 1 1 19
4 5 7 30 -86 1 1 1 21
4 5 7 31 -89 1 1 1 24
4 5 7 32 -92 1 1 1 27
4 5 7 33 -95 1 1 1 30
4 5 7 34 -98 1 1 1 33
4 5 7 35 -101 1 1 1 36
4 5 7 36 -104 1 1 1 40
4 5 7 37 -107 1 1 1 44
4 5 7 38 -110 1 1 1 48
4 5 7 39 -113 1 1 1 52
4 5 7 40 -116 1 1 1 57
4 5 7 41 -119 1 1 1 62
4 5 7 42 -122 1 1 1 67
4 5 7 43 -125 1 1 1 72
4 5 7 44 -128 1 1 1 78
4 5 7 45 -131 1 1 1 84
4 5 7 46 -134 1 1 1 90
4 5 7 47 -137 1 1 1 97
4 5 7 48 -140 1 1 1 104
4 5 7 49 -143 1 1 1 111
4 5 7 50 -146 1 1 1 118
4 5 7 51 -149 1 1 1 126
4 5 7 52 -152 1 1 1 135
4 5 7 53 -155 1 1 1 143
4 5 7 54 -158 1 1 1 152
4 5 7 55 -161 1 1 1 161
4 5 7 56 -164 1 1 1 171
4 5 7 57 -167 1 1 1 181
4 5 7 58 -170 1 1 1 191
4 5 7 59 -173 1 1 1 202
4 5 7 60 -176 1 1 1 213
4 5 7 61 -179 1 1 1 225
4 5 7 62 -182 1 1 1 237
4 5 7 63 -185 1 1 1 249
4 5 7 64 -188 1 1 1 262
4 5 8 20 -52 1 1 1 3
4 5 8 21 -59 1 1 1 5
4 5 8 22 -62 1 1 1 6
4 5 8 23 -65 1 1 1 7
4 5 8 24 -68 1 1 1 7
4 5 8 25 -71 1 1 1 9
4 5 8 26 -74 1 1 1 11
4 5 8 27 -77 1 1 1 12
4 5 8 28 -80 1 1 1 13
4 5 8 29 -83 1 1 1 16
4 5 8 30 -86 1 1 1 18
4 5 8 31 -89 1 1 1 20
4 5 8 32 -92 1 1 1 21
4 5 8 33 -95 1 1 1 25
4 5 8 34 -98 1 1 1 28
4 5 8 35 -101 1 1 1 30
4 5 8 36 -104 1 1 1 32
4 5 8 37 -107 1 1 1 37
4 5 8 38 -110 1 1 1 41
4 5 8 39 -113 1 1 1 44
4 5 8 40 -116 1 1 1 46
4 5 8 41 -119 1 1 1 52
4 5 8 42 -122 1 1 1 57
4 5 8 43 -125 1 1 1 61
4 5 8 44 -128 1 1 1 64
4 5 8 45 -131 1 1 1 71
4 5 8 46 -134 1 1 1 77
4 5 8 47 -137 1 1 1 82
4 5 8 48 -140 1 1 1 86
4 5 8 49 -143 1 1 1 94
4 5 8 50 -146 1 1 1 101
4 5 8 51 -149 1 1 1 107
4 5 8 52 -152 1 1 1 112
4 5 8 53 -155 1 1 1 122
4 5 8 54 -158 1 1 1 130
4 5 8 55 -161 1 1 1 137
4 5 8 56 -164 1 1 1 143
4 5 8 57 -167 1 1 1 154
4 5 8 58 -170 1 1 1 164
4 5 8 59 -173 1 1 1 172
4 5 8 60 -176 1 1 1 179
4 5 8 61 -179 1 1 1 192
4 5 8 62 -182 1 1 1 203
4 5 8 63 -185 1 1 1 213
4 5 8 64 -188 1 1 1 221
4 5 10 20 -40 1 2 1 3
4 5 10 21 -57 1 1 1 3
4 5 10 22 -62 1 1 1 3
4 5 10 23 -65 1 1 1 4
4 5 10 24 -68 1 1 1 5
4 5 10 25 -71 1 1 1 7
4 5 10 26 -74 1 1 1 7
4 5 10 27 -77 1 1 1 8
4 5 10 28 -80 1 1 1 9
4 5 10 29 -83 1 1 1 11
4 5 10 30 -86 1 1 1 13
4 5 10 31 -89 1 1 1 14
4 5 10 32 -92 1 1 1 15
4 5 10 33 -95 1 1 1 17
4 5 10 34 -98 1 1 1 19
4 5 10 35 -101 1 1 1 23
4 5 10 36 -104 1 1 1 24
4 5 10 37 -107 1 1 1 26
4 5 10 38 -110 1 1 1 28
4 5 10 39 -113 1 1 1 32
4 5 10 40 -116 1 1 1 36
4 5 10 41 -119 1 1 1 38
4 5 10 42 -122 1 1 1 40
4 5 10 43 -125 1 1 1 44
4 5 10 44 -128 1 1 1 48
4 5 10 45 -131 1 1 1 54
4 5 10 46 -134 1 1 1 56
4 5 10 47 -137 1 1 1 60
4 5 10 48 -140 1 1 1 64
4 5 10 49 -143 1 1 1 70
4 5 10 50 -146 1 1 1 76
4 5 10 51 -149 1 1 1 80
4 5 10 52 -152 1 1 1 84
4 5 10 53 -155 1 1 1 90
4 5 10 54 -158 1 1 1 96
4 5 10 55 -161 1 1 1 105
4 5 10 56 -164 1 1 1 109
4 5 10 57 -167 1 1 1 115
4 5 10 58 -170 1 1 1 121
4 5 10 59 -173 1 1 1 130
4 5 10 60 -176 1 1 1 139
4 5 10 61 -179 1 1 1 145
4 5 10 62 -182 1 1 1 151
4 5 10 63 -185 1 1 1 160
4 5 10 64 -188 1 1 1 169
4 5 12 20 -56 1 1 1 1
4 5 12 21 -59 1 1 1 2
4 5 12 22 -62 1 1 1 3
4 5 12 23 -65 1 1 1 3
4 5 12 24 -60 1 1 1 3
4 5 12 25 -69 1 1 1 4
4 5 12 26 -74 1 1 1 5
4 5 12 27 -77 1 1 1 6
4 5 12 28 -80 1 1 1 6
4 5 12 29 -83 1 1 1 8
4 5 12 30 -86 1 1 1 9
4 5 12 31 -89 1 1 1 10
4 5 12 32 -92 1 1 1 11
4 5 12 33 -95 1 1 1 13
4 5 12 34 -98 1 1 1 15
4 5 12 35 -101 1 1 1 16
4 5 12 36 -104 1 1 1 17
4 5 12 37 -107 1 1 1 20
4 5 12 38 -110 1 1 1 22
4 5 12 39 -113 1 1 1 24
4 5 12 40 -116 1 1 1 25
4 5 12 41 -119 1 1 1 29
4 5 12 42 -122 1 1 1 32
4 5 12 43 -125 1 1 1 34
4 5 12 44 -128 1 1 1 36
4 5 12 45 -131 1 1 1 40
4 5 12 46 -134 1 1 1 44
4 5 12 47 -137 1 1 1 47
4 5 12 48 -140 1 1 1 49
4 5 12 49 -143 1 1 1 54
4 5 12 50 -146 1 1 1 58
4 5 12 51 -149 1 1 1 62
4 5 12 52 -152 1 1 1 65
4 5 12 53 -155 1 1 1 71
4 5 12 54 -158 1 1 1 76
4 5 12 55 -161 1 1 1 80
4 5 12 56 -164 1 1 1 84
4 5 12 57 -167 1 1 1 91
4 5 12 58 -170 1 1 1 97
4 5 12 59 -173 1 1 1 102
4 5 12 60 -176 1 1 1 106
4 5 12 61 -179 1 1 1 114
4 5 12 62 -182 1 1 1 121
4 5 12 63 -185 1 1 1 127
4 5 12 64 -188 1 1 1 132
4 5 16 21 -54 1 1 1 1
4 5 16 22 -60 1 1 1 1
4 5 16 23 -65 1 1 1 1
4 5 16 24 -68 1 1 1 1
4 5 16 25 -71 1 1 1 2
4 5 16 26 -74 1 1 1 3
4 5 16 27 -77 1 1 1 3
4 5 16 28 -80 1 1 1 3
4 5 16 29 -83 1 1 1 4
4 5 16 30 -86 1 1 1 5
4 5 16 31 -89 1 1 1 6
4 5 16 32 -84 1 1 1 6
4 5 16 33 -93 1 1 1 7
4 5 16 34 -98 1 1 1 8
4 5 16 35 -101 1 1 1 9
4 5 16 36 -104 1 1 1 10
4 5 16 37 -107 1 1 1 12
4 5 16 38 -110 1 1 1 13
4 5 16 39 -113 1 1 1 14
4 5 16 40 -116 1 1 1 15
4 5 16 41 -119 1 1 1 18
4 5 16 42 -122 1 1 1 20
4 5 16 43 -125 1 1 1 21
4 5 16 44 -128 1 1 1 22
4 5 16 45 -131 1 1 1 25
4 5 16 46 -134 1 1 1 28
4 5 16 47 -137 1 1 1 30
4 5 16 48 -140 1 1 1 31
4 5 16 49 -143 1 1 1 34
4 5 16 50 -146 1 1 1 37
4 5 16 51 -149 1 1 1 40
4 5 16 52 -152 1 1 1 42
4 5 16 53 -155 1 1 1 46
4 5 16 54 -158 1 1 1 49
4 5 16 55 -161 1 1 1 52
4 5 16 56 -164 1 1 1 55
4 5 16 57 -167 1 1 1 60
4 5 16 58 -170 1 1 1 64
4 5 16 59 -173 1 1 1 67
4 5 16 60 -176 1 1 1 70
4 5 16 61 -179 1 1 1 76
4 5 16 62 -182 1 1 1 81
4 5 16 63 -185 1 1 1 85
4 5 16 64 -188 1 1 1 88
4 5 20 25 -62 1 1 1 1
4 5 20 26 -68 1 1 1 1
4 5 20 27 -74 1 1 1 1
4 5 20 28 -80 1 1 1 1
4 5 20 29 -83 1 1 1 2
4 5 20 30 -86 1 1 1 3
4 5 20 31 -89 1 1 1 3
4 5 20 32 -92 1 1 1 3
4 5 20 33 -95 1 1 1 4
4 5 20 34 -98 1 1 1 5
4 5 20 35 -101 1 1 1 6
4 5 20 36 -104 1 1 1 6
4 5 20 37 -107 1 1 1 7
4 5 20 38 -110 1 1 1 8
4 5 20 39 -113 1 1 1 9
4 5 20 40 -108 1 1 1 10
4 5 20 41 -117 1 1 1 11
4 5 20 42 -122 1 1 1 12
4 5 20 43 -125 1 1 1 13
4 5 20 44 -128 1 1 1 14
4 5 20 45 -131 1 1 1 17
4 5 20 46 -134 1 1 1 18
4 5 20 47 -137 1 1 1 19
4 5 20 48 -140 1 1 1 20
4 5 20 49 -143 1 1 1 23
4 5 20 50 -146 1 1 1 26
4 5 20 51 -149 1 1 1 27
4 5 20 52 -152 1 1 1 28
4 5 20 53 -155 1 1 1 31
4 5 20 54 -158 1 1 1 34
4 5 20 55 -161 1 1 1 37
4 5 20 56 -164 1 1 1 38
4 5 20 57 -167 1 1 1 41
4 5 20 58 -170 1 1 1 44
4 5 20 59 -173 1 1 1 47
4 5 20 60 -176 1 1 1 50
4 5 20 61 -179 1 1 1 53
4 5 20 62 -182 1 1 1 56
4 5 20 63 -185 1 1 1 59
4 5 20 64 -188 1 1 1 62
4 5 24 29 -70 1 1 1 1
4 5 24 30 -76 1 1 1 1
4 5 24 31 -82 1 1 1 1
4 5 24 32 -88 1 1 1 1
4 5 24 33 -94 1 1 1 2
4 5 24 34 -98 1 1 1 3
4 5 24 35 -101 1 1 1 3
4 5 24 36 -104 1 1 1 3
4 5 24 37 -107 1 1 1 4
4 5 24 38 -110 1 1 1 5
4 5 24 39 -113 1 1 1 6
4 5 24 40 -116 1 1 1 6
4 5 24 41 -119 1 1 1 7
4 5 24 42 -122 1 1 1 8
4 5 24 43 -125 1 1 1 9
4 5 24 44 -128 1 1 1 10
4 5 24 45 -131 1 1 1 11
4 5 24 46 -134 1 1 1 12
4 5 24 47 -137 1 1 1 13
4 5 24 48 -132 1 1 1 14
4 5 24 49 -141 1 1 1 16
4 5 24 50 -146 1 1 1 17
4 5 24 51 -149 1 1 1 18
4 5 24 52 -152 1 1 1 19
4 5 24 53 -155 1 1 1 22
4 5 24 54 -158 1 1 1 24
4 5 24 55 -161 1 1 1 25
4 5 24 56 -164 1 1 1 26
4 5 24 57 -167 1 1 1 29
4 5 24 58 -170 1 1 1 32
4 5 24 59 -173 1 1 1 34
4 5 24 60 -176 1 1 1 35
4 5 24 61 -179 1 1 1 38
4 5 24 62 -182 1 1 1 41
4 5 24 63 -185 1 1 1 44
4 5 24 64 -188 1 1 1 46
4 6 6 20 -56 1 1 1 4
4 6 6 21 -59 1 1 1 4
4 6 6 22 -48 2 1 1 5
4 6 6 23 -65 1 1 1 5
4 6 6 24 -52 1 1 1 8
4 6 6 25 -71 1 1 1 8
4 6 6 26 -74 1 1 1 9
4 6 6 27 -77 1 1 1 9
4 6 6 28 -80 1 1 1 12
4 6 6 29 -83 1 1 1 12
4 6 6 30 -86 1 1 1 15
4 6 6 31 -89 1 1 1 15
4 6 6 32 -92 1 1 1 18
4 6 6 33 -95 1 1 1 18
4 6 6 34 -98 1 1 1 21
4 6 6 35 -101 1 1 1 21
4 6 6 36 -104 1 1 1 27
4 6 6 37 -107 1 1 1 27
4 6 6 38 -110 1 1 1 30
4 6 6 39 -113 1 1 1 30
4 6 6 40 -116 1 1 1 36
4 6 6 41 -119 1 1 1 36
4 6 6 42 -122 1 1 1 42
4 6 6 43 -125 1 1 1 42
4 6 6 44 -128 1 1 1 48
4 6 6 45 -131 1 1 1 48
4 6 6 46 -134 1 1 1 54
4 6 6 47 -137 1 1 1 54
4 6 6 48 -140 1 1 1 64
4 6 6 49 -143 1 1 1 64
4 6 6 50 -146 1 1 1 70
4 6 6 51 -149 1 1 1 70
4 6 6 52 -152 1 1 1 80
4 6 6 53 -155 1 1 1 80
4 6 6 54 -158 1 1 1 90
4 6 6 55 -161 1 1 1 90
4 6 6 56 -164 1 1 1 100
4 6 6 57 -167 1 1 1 100
4 6 6 58 -170 1 1 1 110
4 6 6 59 -173 1 1 1 110
4 6 6 60 -176 1 1 1 125
4 6 6 61 -179 1 1 1 125
4 6 6 62 -182 1 1 1 135
4 6 6 63 -185 1 1 1 135
4 6 6 64 -188 1 1 1 150
4 6 7 20 -48 1 1 1 4
4 6 7 21 -59 1 1 1 5
4 6 7 22 -62 1 1 1 5
4 6 7 23 -65 1 1 1 6
4 6 7 24 -68 1 1 1 7
4 6 7 25 -71 1 1 1 9
4 6 7 26 -74 1 1 1 10
4 6 7 27 -77 1 1 1 12
4 6 7 28 -80 1 1 1 13
4 6 7 29 -83 1 1 1 15
4 6 7 30 -86 1 1 1 16
4 6 7 31 -89 1 1 1 19
4 6 7 32 -92 1 1 1 21
4 6 7 33 -95 1 1 1 24
4 6 7 34 -98 1 1 1 26
4 6 7 35 -101 1 1 1 29
4 6 7 36 -104 1 1 1 31
4 6 7 37 -107 1 1 1 35
4 6 7 38 -110 1 1 1 38
4 6 7 39 -113 1 1 1 42
4 6 7 40 -116 1 1 1 45
4 6 7 41 -119 1 1 1 50
4 6 7 42 -122 1 1 1 53
4 6 7 43 -125 1 1 1 58
4 6 7 44 -128 1 1 1 62
4 6 7 45 -131 1 1 1 68
4 6 7 46 -134 1 1 1 72
4 6 7 47 -137 1 1 1 78
4 6 7 48 -140 1 1 1 83
4 6 7 49 -143 1 1 1 90
4 6 7 50 -146 1 1 1 95
4 6 7 51 -149 1 1 1 102
4 6 7 52 -152 1 1 1 108
4 6 7 53 -155 1 1 1 116
4 6 7 54 -158 1 1 1 122
4 6 7 55 -161 1 1 1 131
4 6 7 56 -164 1 1 1 138
4 6 7 57 -167 1 1 1 147
4 6 7 58 -170 1 1 1 154
4 6 7 59 -173 1 1 1 164
4 6 7 60 -176 1 1 1 172
4 6 7 61 -179 1 1 1 183
4 6 7 62 -182 1 1 1 192
4 6 7 63 -185 1 1 1 203
4 6 7 64 -188 1 1 1 212
4 6 8 20 -32 1 1 1 3
4 6 8 21 -59 1 1 1 3
4 6 8 22 -62 1 1 1 5
4 6 8 23 -65 1 1 1 5
4 6 8 24 -56 2 1 1 6
4 6 8 25 -71 1 1 1 6
4 6 8 26 -74 1 1 1 9
4 6 8 27 -77 1 1 1 9
4 6 8 28 -80 1 1 1 11
4 6 8 29 -83 1 1 1 11
4 6 8 30 -86 1 1 1 15
4 6 8 31 -89 1 1 1 15
4 6 8 32 -92 1 1 1 18
4 6 8 33 -95 1 1 1 18
4 6 8 34 -98 1 1 1 23
4 6 8 35 -101 1 1 1 23
4 6 8 36 -104 1 1 1 27
4 6 8 37 -107 1 1 1 27
4 6 8 38 -110 1 1 1 34
4 6 8 39 -113 1 1 1 34
4 6 8 40 -116 1 1 1 39
4 6 8 41 -119 1 1 1 39
4 6 8 42 -122 1 1 1 47
4 6 8 43 -125 1 1 1 47
4 6 8 44 -128 1 1 1 54
4 6 8 45 -131 1 1 1 54
4 6 8 46 -134 1 1 1 64
4 6 8 47 -137 1 1 1 64
4 6 8 48 -140 1 1 1 72
4 6 8 49 -143 1 1 1 72
4 6 8 50 -146 1 1 1 84
4 6 8 51 -149 1 1 1 84
4 6 8 52 -152 1 1 1 94
4 6 8 53 -155 1 1 1 94
4 6 8 54 -158 1 1 1 108
4 6 8 55 -161 1 1 1 108
4 6 8 56 -164 1 1 1 120
4 6 8 57 -167 1 1 1 120
4 6 8 58 -170 1 1 1 136
4 6 8 59 -173 1 1 1 136
4 6 8 60 -176 1 1 1 150
4 6 8 61 -179 1 1 1 150
4 6 8 62 -182 1 1 1 169
4 6 8 63 -185 1 1 1 169
4 6 8 64 -188 1 1 1 185
4 6 10 20 -32 2 1 1 2
4 6 10 21 -57 1 1 1 2
4 6 10 22 -62 1 1 1 3
4 6 10 23 -65 1 1 1 3
4 6 10 24 -68 1 1 1 4
4 6 10 25 -71 1 1 1 4
4 6 10 26 -74 1 1 1 6
4 6 10 27 -77 1 1 1 6
4 6 10 28 -80 1 1 1 8
4 6 10 29 -83 1 1 1 8
4 6 10 30 -86 1 1 1 10
4 6 10 31 -89 1 1 1 10
4 6 10 32 -92 1 1 1 13
4 6 10 33 -95 1 1 1 13
4 6 10 34 -98 1 1 1 16
4 6 10 35 -101 1 1 1 16
4 6 10 36 -104 1 1 1 20
4 6 10 37 -107 1 1 1 20
4 6 10 38 -110 1 1 1 24
4 6 10 39 -113 1 1 1 24
4 6 10 40 -116 1 1 1 29
4 6 10 41 -119 1 1 1 29
4 6 10 42 -122 1 1 1 34
4 6 10 43 -125 1 1 1 34
4 6 10 44 -128 1 1 1 40
4 6 10 45 -131 1 1 1 40
4 6 10 46 -134 1 1 1 47
4 6 10 47 -137 1 1 1 47
4 6 10 48 -140 1 1 1 54
4 6 10 49 -143 1 1 1 54
4 6 10 50 -146 1 1 1 62
4 6 10 51 -149 1 1 1 62
4 6 10 52 -152 1 1 1 71
4 6 10 53 -155 1 1 1 71
4 6 10 54 -158 1 1 1 80
4 6 10 55 -161 1 1 1 80
4 6 10 56 -164 1 1 1 91
4 6 10 57 -167 1 1 1 91
4 6 10 58 -170 1 1 1 102
4 6 10 59 -173 1 1 1 102
4 6 10 60 -176 1 1 1 114
4 6 10 61 -179 1 1 1 114
4 6 10 62 -182 1 1 1 127
4 6 10 63 -185 1 1 1 127
4 6 10 64 -188 1 1 1 141
4 6 12 20 -48 1 1 1 1
4 6 12 21 -59 1 1 1 1
4 6 12 22 -62 1 1 1 2
4 6 12 23 -65 1 1 1 2
4 6 12 24 -56 1 1 1 3
4 6 12 25 -69 1 1 1 3
4 6 12 26 -74 1 1 1 4
4 6 12 27 -77 1 1 1 4
4 6 12 28 -80 1 1 1 5
4 6 12 29 -83 1 1 1 5
4 6 12 30 -86 1 1 1 8
4 6 12 31 -89 1 1 1 8
4 6 12 32 -92 1 1 1 9
4 6 12 33 -95 1 1 1 9
4 6 12 34 -98 1 1 1 12
4 6 12 35 -101 1 1 1 12
4 6 12 36 -104 1 1 1 15
4 6 12 37 -107 1 1 1 15
4 6 12 38 -110 1 1 1 18
4 6 12 39 -113 1 1 1 18
4 6 12 40 -116 1 1 1 21
4 6 12 41 -119 1 1 1 21
4 6 12 42 -122 1 1 1 27
4 6 12 43 -125 1 1 1 27
4 6 12 44 -128 1 1 1 30
4 6 12 45 -131 1 1 1 30
4 6 12 46 -134 1 1 1 36
4 6 12 47 -137 1 1 1 36
4 6 12 48 -140 1 1 1 42
4 6 12 49 -143 1 1 1 42
4 6 12 50 -146 1 1 1 48
4 6 12 51 -149 1 1 1 48
4 6 12 52 -152 1 1 1 54
4 6 12 53 -155 1 1 1 54
4 6 12 54 -158 1 1 1 64
4 6 12 55 -161 1 1 1 64
4 6 12 56 -164 1 1 1 70
4 6 12 57 -167 1 1 1 70
4 6 12 58 -170 1 1 1 80
4 6 12 59 -173 1 1 1 80
4 6 12 60 -176 1 1 1 90
4 6 12 61 -179 1 1 1 90
4 6 12 62 -182 1 1 1 100
4 6 12 63 -185 1 1 1 100
4 6 12 64 -188 1 1 1 110
4 6 16 22 -60 1 1 1 1
4 6 16 23 -65 1 1 1 1
4 6 16 24 -68 1 1 1 1
4 6 16 25 -71 1 1 1 1
4 6 16 26 -74 1 1 1 2
4 6 16 27 -77 1 1 1 2
4 6 16 28 -80 1 1 1 3
4 6 16 29 -83 1 1 1 3
4 6 16 30 -86 1 1 1 4
4 6 16 31 -89 1 1 1 4
4 6 16 32 -84 1 1 1 5
4 6 16 33 -93 1 1 1 5
4 6 16 34 -98 1 1 1 7
4 6 16 35 -101 1 1 1 7
4 6 16 36 -104 1 1 1 8
4 6 16 37 -107 1 1 1 8
4 6 16 38 -110 1 1 1 11
4 6 16 39 -113 1 1 1 11
4 6 16 40 -116 1 1 1 13
4 6 16 41 -119 1 1 1 13
4 6 16 42 -122 1 1 1 16
4 6 16 43 -125 1 1 1 16
4 6 16 44 -128 1 1 1 19
4 6 16 45 -131 1 1 1 19
4 6 16 46 -134 1 1 1 23
4 6 16 47 -137 1 1 1 23
4 6 16 48 -140 1 1 1 26
4 6 16 49 -143 1 1 1 26
4 6 16 50 -146 1 1 1 31
4 6 16 51 -149 1 1 1 31
4 6 16 52 -152 1 1 1 35
4 6 16 53 -155 1 1 1 35
4 6 16 54 -158 1 1 1 41
4 6 16 55 -161 1 1 1 41
4 6 16 56 -164 1 1 1 46
4 6 16 57 -167 1 1 1 46
4 6 16 58 -170 1 1 1 53
4 6 16 59 -173 1 1 1 53
4 6 16 60 -176 1 1 1 59
4 6 16 61 -179 1 1 1 59
4 6 16 62 -182 1 1 1 67
4 6 16 63 -185 1 1 1 67
4 6 16 64 -188 1 1 1 74
4 6 20 26 -68 1 1 1 1
4 6 20 27 -74 1 1 1 1
4 6 20 28 -80 1 1 1 1
4 6 20 29 -83 1 1 1 1
4 6 20 30 -86 1 1 1 2
4 6 20 31 -89 1 1 1 2
4 6 20 32 -92 1 1 1 3
4 6 20 33 -95 1 1 1 3
4 6 20 34 -98 1 1 1 4
4 6 20 35 -101 1 1 1 4
4 6 20 36 -104 1 1 1 5
4 6 20 37 -107 1 1 1 5
4 6 20 38 -110 1 1 1 7
4 6 20 39 -113 1 1 1 7
4 6 20 40 -108 1 1 1 8
4 6 20 41 -117 1 1 1 8
4 6 20 42 -122 1 1 1 10
4 6 20 43 -125 1 1 1 10
4 6 20 44 -128 1 1 1 12
4 6 20 45 -131 1 1 1 12
4 6 20 46 -134 1 1 1 15
4 6 20 47 -137 1 1 1 15
4 6 20 48 -140 1 1 1 17
4 6 20 49 -143 1 1 1 17
4 6 20 50 -146 1 1 1 21
4 6 20 51 -149 1 1 1 21
4 6 20 52 -152 1 1 1 24
4 6 20 53 -155 1 1 1 24
4 6 20 54 -158 1 1 1 28
4 6 20 55 -161 1 1 1 28
4 6 20 56 -164 1 1 1 32
4 6 20 57 -167 1 1 1 32
4 6 20 58 -170 1 1 1 37
4 6 20 59 -173 1 1 1 37
4 6 20 60 -176 1 1 1 41
4 6 20 61 -179 1 1 1 41
4 6 20 62 -182 1 1 1 47
4 6 20 63 -185 1 1 1 47
4 6 20 64 -188 1 1 1 52
4 6 24 30 -76 1 1 1 1
4 6 24 31 -82 1 1 1 1
4 6 24 32 -88 1 1 1 1
4 6 24 33 -94 1 1 1 1
4 6 24 34 -98 1 1 1 2
4 6 24 35 -101 1 1 1 2
4 6 24 36 -104 1 1 1 3
4 6 24 37 -107 1 1 1 3
4 6 24 38 -110 1 1 1 4
4 6 24 39 -113 1 1 1 4
4 6 24 40 -116 1 1 1 5
4 6 24 41 -119 1 1 1 5
4 6 24 42 -122 1 1 1 7
4 6 24 43 -125 1 1 1 7
4 6 24 44 -128 1 1 1 8
4 6 24 45 -131 1 1 1 8
4 6 24 46 -134 1 1 1 10
4 6 24 47 -137 1 1 1 10
4 6 24 48 -132 1 1 1 12
4 6 24 49 -141 1 1 1 12
4 6 24 50 -146 1 1 1 14
4 6 24 51 -149 1 1 1 14
4 6 24 52 -152 1 1 1 16
4 6 24 53 -155 1 1 1 16
4 6 24 54 -158 1 1 1 20
4 6 24 55 -161 1 1 1 20
4 6 24 56 -164 1 1 1 22
4 6 24 57 -167 1 1 1 22
4 6 24 58 -170 1 1 1 26
4 6 24 59 -173 1 1 1 26
4 6 24 60 -176 1 1 1 30
4 6 24 61 -179 1 1 1 30
4 6 24 62 -182 1 1 1 34
4 6 24 63 -185 1 1 1 34
4 6 24 64 -188 1 1 1 38
4 7 7 20 -56 1 1 1 2
4 7 7 21 -30 1 1 1 3
4 7 7 22 -60 1 1 1 4
4 7 7 23 -65 1 1 1 4
4 7 7 24 -68 1 1 1 4
4 7 7 25 -71 1 1 1 5
4 7 7 26 -74 1 1 1 6
4 7 7 27 -77 1 1 1 6
4 7 7 28 -80 1 1 1 8
4 7 7 29 -83 1 1 1 9
4 7 7 30 -86 1 1 1 10
4 7 7 31 -89 1 1 1 10
4 7 7 32 -92 1 1 1 12
4 7 7 33 -95 1 1 1 13
4 7 7 34 -98 1 1 1 14
4 7 7 35 -101 1 1 1 16
4 7 7 36 -104 1 1 1 18
4 7 7 37 -107 1 1 1 19
4 7 7 38 -110 1 1 1 20
4 7 7 39 -113 1 1 1 22
4 7 7 40 -116 1 1 1 24
4 7 7 41 -119 1 1 1 25
4 7 7 42 -122 1 1 1 29
4 7 7 43 -125 1 1 1 31
4 7 7 44 -128 1 1 1 33
4 7 7 45 -131 1 1 1 34
4 7 7 46 -134 1 1 1 38
4 7 7 47 -137 1 1 1 40
4 7 7 48 -140 1 1 1 42
4 7 7 49 -143 1 1 1 46
4 7 7 50 -146 1 1 1 50
4 7 7 51 -149 1 1 1 52
4 7 7 52 -152 1 1 1 54
4 7 7 53 -155 1 1 1 58
4 7 7 54 -158 1 1 1 62
4 7 7 55 -161 1 1 1 64
4 7 7 56 -164 1 1 1 70
4 7 7 57 -167 1 1 1 74
4 7 7 58 -170 1 1 1 78
4 7 7 59 -173 1 1 1 80
4 7 7 60 -176 1 1 1 86
4 7 7 61 -179 1 1 1 90
4 7 7 62 -182 1 1 1 94
4 7 7 63 -185 1 1 1 100
4 7 7 64 -188 1 1 1 106
4 7 8 20 -40 2 1 1 2
4 7 8 21 -59 1 1 1 2
4 7 8 22 -62 1 1 1 3
4 7 8 23 -65 1 1 1 5
4 7 8 24 -68 1 1 1 5
4 7 8 25 -71 1 1 1 5
4 7 8 26 -74 1 1 1 6
4 7 8 27 -77 1 1 1 8
4 7 8 28 -80 1 1 1 8
4 7 8 29 -83 1 1 1 9
4 7 8 30 -86 1 1 1 11
4 7 8 31 -89 1 1 1 14
4 7 8 32 -92 1 1 1 14
4 7 8 33 -95 1 1 1 15
4 7 8 34 -98 1 1 1 17
4 7 8 35 -101 1 1 1 20
4 7 8 36 -104 1 1 1 21
4 7 8 37 -107 1 1 1 23
4 7 8 38 -110 1 1 1 26
4 7 8 39 -113 1 1 1 30
4 7 8 40 -116 1 1 1 31
4 7 8 41 -119 1 1 1 33
4 7 8 42 -122 1 1 1 36
4 7 8 43 -125 1 1 1 41
4 7 8 44 -128 1 1 1 43
4 7 8 45 -131 1 1 1 46
4 7 8 46 -134 1 1 1 50
4 7 8 47 -137 1 1 1 56
4 7 8 48 -140 1 1 1 58
4 7 8 49 -143 1 1 1 61
4 7 8 50 -146 1 1 1 66
4 7 8 51 -149 1 1 1 73
4 7 8 52 -152 1 1 1 76
4 7 8 53 -155 1 1 1 80
4 7 8 54 -158 1 1 1 86
4 7 8 55 -161 1 1 1 94
4 7 8 56 -164 1 1 1 97
4 7 8 57 -167 1 1 1 102
4 7 8 58 -170 1 1 1 109
4 7 8 59 -173 1 1 1 118
4 7 8 60 -176 1 1 1 122
4 7 8 61 -179 1 1 1 128
4 7 8 62 -182 1 1 1 136
4 7 8 63 -185 1 1 1 146
4 7 8 64 -188 1 1 1 151
4 7 10 20 -48 1 1 1 1
4 7 10 21 -57 1 1 1 2
4 7 10 22 -62 1 1 1 2
4 7 10 23 -65 1 1 1 2
4 7 10 24 -68 1 1 1 3
4 7 10 25 -71 1 1 1 4
4 7 10 26 -74 1 1 1 4
4 7 10 27 -77 1 1 1 5
4 7 10 28 -80 1 1 1 6
4 7 10 29 -83 1 1 1 7
4 7 10 30 -86 1 1 1 7
4 7 10 31 -89 1 1 1 9
4 7 10 32 -92 1 1 1 10
4 7 10 33 -95 1 1 1 11
4 7 10 34 -98 1 1 1 12
4 7 10 35 -101 1 1 1 14
4 7 10 36 -104 1 1 1 15
4 7 10 37 -107 1 1 1 17
4 7 10 38 -110 1 1 1 19
4 7 10 39 -113 1 1 1 21
4 7 10 40 -116 1 1 1 22
4 7 10 41 -119 1 1 1 25
4 7 10 42 -122 1 1 1 27
4 7 10 43 -125 1 1 1 29
4 7 10 44 -128 1 1 1 31
4 7 10 45 -131 1 1 1 35
4 7 10 46 -134 1 1 1 37
4 7 10 47 -137 1 1 1 40
4 7 10 48 -140 1 1 1 43
4 7 10 49 -143 1 1 1 47
4 7 10 50 -146 1 1 1 49
4 7 10 51 -149 1 1 1 53
4 7 10 52 -152 1 1 1 57
4 7 10 53 -155 1 1 1 61
4 7 10 54 -158 1 1 1 64
4 7 10 55 -161 1 1 1 69
4 7 10 56 -164 1 1 1 73
4 7 10 57 -167 1 1 1 78
4 7 10 58 -170 1 1 1 82
4 7 10 59 -173 1 1 1 88
4 7 10 60 -176 1 1 1 92
4 7 10 61 -179 1 1 1 98
4 7 10 62 -182 1 1 1 103
4 7 10 63 -185 1 1 1 109
4 7 10 64 -188 1 1 1 114
4 7 12 20 -52 1 1 1 1
4 7 12 21 -59 1 1 1 1
4 7 12 22 -62 1 1 1 1
4 7 12 23 -65 1 1 1 2
4 7 12 24 -60 1 1 1 2
4 7 12 25 -69 1 1 1 2
4 7 12 26 -74 1 1 1 3
4 7 12 27 -77 1 1 1 4
4 7 12 28 -80 1 1 1 4
4 7 12 29 -83 1 1 1 4
4 7 12 30 -86 1 1 1 5
4 7 12 31 -89 1 1 1 7
4 7 12 32 -92 1 1 1 7
4 7 12 33 -95 1 1 1 8
4 7 12 34 -98 1 1 1 9
4 7 12 35 -101 1 1 1 11
4 7 12 36 -104 1 1 1 11
4 7 12 37 -107 1 1 1 12
4 7 12 38 -110 1 1 1 14
4 7 12 39 -113 1 1 1 16
4 7 12 40 -116 1 1 1 17
4 7 12 41 -119 1 1 1 18
4 7 12 42 -122 1 1 1 20
4 7 12 43 -125 1 1 1 23
4 7 12 44 -128 1 1 1 24
4 7 12 45 -131 1 1 1 26
4 7 12 46 -134 1 1 1 28
4 7 12 47 -137 1 1 1 32
4 7 12 48 -140 1 1 1 33
4 7 12 49 -143 1 1 1 35
4 7 12 50 -146 1 1 1 38
4 7 12 51 -149 1 1 1 42
4 7 12 52 -152 1 1 1 44
4 7 12 53 -155 1 1 1 46
4 7 12 54 -158 1 1 1 50
4 7 12 55 -161 1 1 1 55
4 7 12 56 -164 1 1 1 57
4 7 12 57 -167 1 1 1 60
4 7 12 58 -170 1 1 1 64
4 7 12 59 -173 1 1 1 70
4 7 12 60 -176 1 1 1 72
4 7 12 61 -179 1 1 1 76
4 7 12 62 -182 1 1 1 81
4 7 12 63 -185 1 1 1 87
4 7 12 64 -188 1 1 1 90
4 7 16 23 -65 1 1 1 1
4 7 16 24 -68 1 1 1 1
4 7 16 25 -71 1 1 1 1
4 7 16 26 -74 1 1 1 1
4 7 16 27 -77 1 1 1 2
4 7 16 28 -80 1 1 1 2
4 7 16 29 -83 1 1 1 2
4 7 16 30 -86 1 1 1 3
4 7 16 31 -89 1 1 1 4
4 7 16 32 -84 1 1 1 4
4 7 16 33 -93 1 1 1 4
4 7 16 34 -98 1 1 1 5
4 7 16 35 -101 1 1 1 6
4 7 16 36 -104 1 1 1 6
4 7 16 37 -107 1 1 1 7
4 7 16 38 -110 1 1 1 8
4 7 16 39 -113 1 1 1 10
4 7 16 40 -116 1 1 1 10
4 7 16 41 -119 1 1 1 11
4 7 16 42 -122 1 1 1 12
4 7 16 43 -125 1 1 1 14
4 7 16 44 -128 1 1 1 15
4 7 16 45 -131 1 1 1 16
4 7 16 46 -134 1 1 1 18
4 7 16 47 -137 1 1 1 20
4 7 16 48 -140 1 1 1 21
4 7 16 49 -143 1 1 1 22
4 7 16 50 -146 1 1 1 24
4 7 16 51 -149 1 1 1 27
4 7 16 52 -152 1 1 1 28
4 7 16 53 -155 1 1 1 30
4 7 16 54 -158 1 1 1 32
4 7 16 55 -161 1 1 1 36
4 7 16 56 -164 1 1 1 37
4 7 16 57 -167 1 1 1 39
4 7 16 58 -170 1 1 1 42
4 7 16 59 -173 1 1 1 46
4 7 16 60 -176 1 1 1 48
4 7 16 61 -179 1 1 1 50
4 7 16 62 -182 1 1 1 54
4 7 16 63 -185 1 1 1 58
4 7 16 64 -188 1 1 1 60
4 7 20 27 -74 1 1 1 1
4 7 20 28 -80 1 1 1 1
4 7 20 29 -83 1 1 1 1
4 7 20 30 -86 1 1 1 1
4 7 20 31 -89 1 1 1 2
4 7 20 32 -92 1 1 1 2
4 7 20 33 -95 1 1 1 2
4 7 20 34 -98 1 1 1 3
4 7 20 35 -101 1 1 1 4
4 7 20 36 -104 1 1 1 4
4 7 20 37 -107 1 1 1 4
4 7 20 38 -110 1 1 1 5
4 7 20 39 -113 1 1 1 6
4 7 20 40 -108 1 1 1 6
4 7 20 41 -117 1 1 1 7
4 7 20 42 -122 1 1 1 8
4 7 20 43 -125 1 1 1 9
4 7 20 44 -128 1 1 1 9
4 7 20 45 -131 1 1 1 10
4 7 20 46 -134 1 1 1 11
4 7 20 47 -137 1 1 1 13
4 7 20 48 -140 1 1 1 14
4 7 20 49 -143 1 1 1 15
4 7 20 50 -146 1 1 1 16
4 7 20 51 -149 1 1 1 18
4 7 20 52 -152 1 1 1 19
4 7 20 53 -155 1 1 1 20
4 7 20 54 -158 1 1 1 22
4 7 20 55 -161 1 1 1 25
4 7 20 56 -164 1 1 1 26
4 7 20 57 -167 1 1 1 27
4 7 20 58 -170 1 1 1 29
4 7 20 59 -173 1 1 1 32
4 7 20 60 -176 1 1 1 33
4 7 20 61 -179 1 1 1 35
4 7 20 62 -182 1 1 1 38
4 7 20 63 -185 1 1 1 41
4 7 20 64 -188 1 1 1 42
4 7 24 31 -82 1 1 1 1
4 7 24 32 -88 1 1 1 1
4 7 24 33 -94 1 1 1 1
4 7 24 34 -98 1 1 1 1
4 7 24 35 -101 1 1 1 2
4 7 24 36 -104 1 1 1 2
4 7 24 37 -107 1 1 1 2
4 7 24 38 -110 1 1 1 3
4 7 24 39 -113 1 1 1 4
4 7 24 40 -116 1 1 1 4
4 7 24 41 -119 1 1 1 4
4 7 24 42 -122 1 1 1 5
4 7 24 43 -125 1 1 1 6
4 7 24 44 -128 1 1 1 6
4 7 24 45 -131 1 1 1 7
4 7 24 46 -134 1 1 1 8
4 7 24 47 -137 1 1 1 9
4 7 24 48 -132 1 1 1 9
4 7 24 49 -141 1 1 1 10
4 7 24 50 -146 1 1 1 11
4 7 24 51 -149 1 1 1 12
4 7 24 52 -152 1 1 1 13
4 7 24 53 -155 1 1 1 14
4 7 24 54 -158 1 1 1 15
4 7 24 55 -161 1 1 1 17
4 7 24 56 -164 1 1 1 18
4 7 24 57 -167 1 1 1 19
4 7 24 58 -170 1 1 1 20
4 7 24 59 -173 1 1 1 23
4 7 24 60 -176 1 1 1 24
4 7 24 61 -179 1 1 1 25
4 7 24 62 -182 1 1 1 27
4 7 24 63 -185 1 1 1 30
4 7 24 64 -188 1 1 1 31
4 8 8 20 0 2 1 1 2
4 8 8 21 -59 1 1 1 2
4 8 8 22 -62 1 1 1 2
4 8 8 23 -65 1 1 1 2
4 8 8 24 0 1 1 1 4
4 8 8 25 -70 1 1 1 4
4 8 8 26 -74 1 1 1 4
4 8 8 27 -77 1 1 1 4
4 8 8 28 -48 2 1 1 6
4 8 8 29 -83 1 1 1 6
4 8 8 30 -86 1 1 1 6
4 8 8 31 -89 1 1 1 6
4 8 8 32 -92 1 1 1 10
4 8 8 33 -95 1 1 1 10
4 8 8 34 -98 1 1 1 10
4 8 8 35 -101 1 1 1 10
4 8 8 36 -104 1 1 1 14
4 8 8 37 -107 1 1 1 14
4 8 8 38 -110 1 1 1 14
4 8 8 39 -113 1 1 1 14
4 8 8 40 -116 1 1 1 20
4 8 8 41 -119 1 1 1 20
4 8 8 42 -122 1 1 1 20
4 8 8 43 -125 1 1 1 20
4 8 8 44 -128 1 1 1 26
4 8 8 45 -131 1 1 1 26
4 8 8 46 -134 1 1 1 26
4 8 8 47 -137 1 1 1 26
4 8 8 48 -140 1 1 1 35
4 8 8 49 -143 1 1 1 35
4 8 8 50 -146 1 1 1 35
4 8 8 51 -149 1 1 1 35
4 8 8 52 -152 1 1 1 44
4 8 8 53 -155 1 1 1 44
4 8 8 54 -158 1 1 1 44
4 8 8 55 -161 1 1 1 44
4 8 8 56 -164 1 1 1 56
4 8 8 57 -167 1 1 1 56
4 8 8 58 -170 1 1 1 56
4 8 8 59 -173 1 1 1 56
4 8 8 60 -176 1 1 1 68
4 8 8 61 -179 1 1 1 68
4 8 8 62 -182 1 1 1 68
4 8 8 63 -185 1 1 1 68
4 8 8 64 -188 1 1 1 84
4 8 10 20 -24 1 1 1 1
4 8 10 21 -57 1 1 1 1
4 8 10 22 -62 1 1 1 2
4 8 10 23 -65 1 1 1 2
4 8 10 24 -48 2 1 1 2
4 8 10 25 -71 1 1 1 2
4 8 10 26 -74 1 1 1 4
4 8 10 27 -77 1 1 1 4
4 8 10 28 -80 1 1 1 5
4 8 10 29 -83 1 1 1 5
4 8 10 30 -86 1 1 1 7
4 8 10 31 -89 1 1 1 7
4 8 10 32 -92 1 1 1 8
4 8 10 33 -95 1 1 1 8
4 8 10 34 -98 1 1 1 11
4 8 10 35 -101 1 1 1 11
4 8 10 36 -104 1 1 1 13
4 8 10 37 -107 1 1 1 13
4 8 10 38 -110 1 1 1 17
4 8 10 39 -113 1 1 1 17
4 8 10 40 -116 1 1 1 19
4 8 10 41 -119 1 1 1 19
4 8 10 42 -122 1 1 1 24
4 8 10 43 -125 1 1 1 24
4 8 10 44 -128 1 1 1 27
4 8 10 45 -131 1 1 1 27
4 8 10 46 -134 1 1 1 33
4 8 10 47 -137 1 1 1 33
4 8 10 48 -140 1 1 1 37
4 8 10 49 -143 1 1 1 37
4 8 10 50 -146 1 1 1 44
4 8 10 51 -149 1 1 1 44
4 8 10 52 -152 1 1 1 49
4 8 10 53 -155 1 1 1 49
4 8 10 54 -158 1 1 1 57
4 8 10 55 -161 1 1 1 57
4 8 10 56 -164 1 1 1 63
4 8 10 57 -167 1 1 1 63
4 8 10 58 -170 1 1 1 73
4 8 10 59 -173 1 1 1 73
4 8 10 60 -176 1 1 1 80
4 8 10 61 -179 1 1 1 80
4 8 10 62 -182 1 1 1 91
4 8 10 63 -185 1 1 1 91
4 8 10 64 -188 1 1 1 99
4 8 12 20 -16 1 1 1 1
4 8 12 21 -59 1 1 1 1
4 8 12 22 -62 1 1 1 1
4 8 12 23 -65 1 1 1 1
4 8 12 24 -12 2 1 1 2
4 8 12 25 -69 1 1 1 2
4 8 12 26 -74 1 1 1 2
4 8 12 27 -77 1 1 1 2
4 8 12 28 -64 3 1 1 4
4 8 12 29 -83 1 1 1 4
4 8 12 30 -86 1 1 1 4
4 8 12 31 -89 1 1 1 4
4 8 12 32 -92 1 1 1 7
4 8 12 33 -95 1 1 1 7
4 8 12 34 -98 1 1 1 7
4 8 12 35 -101 1 1 1 7
4 8 12 36 -104 1 1 1 11
4 8 12 37 -107 1 1 1 11
4 8 12 38 -110 1 1 1 11
4 8 12 39 -113 1 1 1 11
4 8 12 40 -116 1 1 1 16
4 8 12 41 -119 1 1 1 16
4 8 12 42 -122 1 1 1 16
4 8 12 43 -125 1 1 1 16
4 8 12 44 -128 1 1 1 23
4 8 12 45 -131 1 1 1 23
4 8 12 46 -134 1 1 1 23
4 8 12 47 -137 1 1 1 23
4 8 12 48 -140 1 1 1 31
4 8 12 49 -143 1 1 1 31
4 8 12 50 -146 1 1 1 31
4 8 12 51 -149 1 1 1 31
4 8 12 52 -152 1 1 1 41
4 8 12 53 -155 1 1 1 41
4 8 12 54 -158 1 1 1 41
4 8 12 55 -161 1 1 1 41
4 8 12 56 -164 1 1 1 53
4 8 12 57 -167 1 1 1 53
4 8 12 58 -170 1 1 1 53
4 8 12 59 -173 1 1 1 53
4 8 12 60 -176 1 1 1 67
4 8 12 61 -179 1 1 1 67
4 8 12 62 -182 1 1 1 67
4 8 12 63 -185 1 1 1 67
4 8 12 64 -188 1 1 1 83
4 8 16 24 -32 1 1 1 1
4 8 16 25 -71 1 1 1 1
4 8 16 26 -74 1 1 1 1
4 8 16 27 -77 1 1 1 1
4 8 16 28 -80 1 1 1 2
4 8 16 29 -83 1 1 1 2
4 8 16 30 -86 1 1 1 2
4 8 16 31 -89 1 1 1 2
4 8 16 32 -84 1 1 1 4
4 8 16 33 -93 1 1 1 4
4 8 16 34 -98 1 1 1 4
4 8 16 35 -101 1 1 1 4
4 8 16 36 -104 1 1 1 6
4 8 16 37 -107 1 1 1 6
4 8 16 38 -110 1 1 1 6
4 8 16 39 -113 1 1 1 6
4 8 16 40 -116 1 1 1 10
4 8 16 41 -119 1 1 1 10
4 8 16 42 -122 1 1 1 10
4 8 16 43 -125 1 1 1 10
4 8 16 44 -128 1 1 1 14
4 8 16 45 -131 1 1 1 14
4 8 16 46 -134 1 1 1 14
4 8 16 47 -137 1 1 1 14
4 8 16 48 -140 1 1 1 20
4 8 16 49 -143 1 1 1 20
4 8 16 50 -146 1 1 1 20
4 8 16 51 -149 1 1 1 20
4 8 16 52 -152 1 1 1 26
4 8 16 53 -155 1 1 1 26
4 8 16 54 -158 1 1 1 26
4 8 16 55 -161 1 1 1 26
4 8 16 56 -164 1 1 1 35
4 8 16 57 -167 1 1 1 35
4 8 16 58 -170 1 1 1 35
4 8 16 59 -173 1 1 1 35
4 8 16 60 -176 1 1 1 44
4 8 16 61 -179 1 1 1 44
4 8 16 62 -182 1 1 1 44
4 8 16 63 -185 1 1 1 44
4 8 16 64 -188 1 1 1 56
4 8 20 28 -80 1 1 1 1
4 8 20 29 -83 1 1 1 1
4 8 20 30 -86 1 1 1 1
4 8 20 31 -89 1 1 1 1
4 8 20 32 -92 1 1 1 2
4 8 20 33 -95 1 1 1 2
4 8 20 34 -98 1 1 1 2
4 8 20 35 -101 1 1 1 2
4 8 20 36 -104 1 1 1 4
4 8 20 37 -107 1 1 1 4
4 8 20 38 -110 1 1 1 4
4 8 20 39 -113 1 1 1 4
4 8 20 40 -108 1 1 1 6
4 8 20 41 -117 1 1 1 6
4 8 20 42 -122 1 1 1 6
4 8 20 43 -125 1 1 1 6
4 8 20 44 -128 1 1 1 9
4 8 20 45 -131 1 1 1 9
4 8 20 46 -134 1 1 1 9
4 8 20 47 -137 1 1 1 9
4 8 20 48 -140 1 1 1 13
4 8 20 49 -143 1 1 1 13
4 8 20 50 -146 1 1 1 13
4 8 20 51 -149 1 1 1 13
4 8 20 52 -152 1 1 1 18
4 8 20 53 -155 1 1 1 18
4 8 20 54 -158 1 1 1 18
4 8 20 55 -161 1 1 1 18
4 8 20 56 -164 1 1 1 24
4 8 20 57 -167 1 1 1 24
4 8 20 58 -170 1 1 1 24
4 8 20 59 -173 1 1 1 24
4 8 20 60 -176 1 1 1 31
4 8 20 61 -179 1 1 1 31
4 8 20 62 -182 1 1 1 31
4 8 20 63 -185 1 1 1 31
4 8 20 64 -188 1 1 1 39
4 8 24 32 -88 1 1 1 1
4 8 24 33 -94 1 1 1 1
4 8 24 34 -98 1 1 1 1
4 8 24 35 -101 1 1 1 1
4 8 24 36 -104 1 1 1 2
4 8 24 37 -107 1 1 1 2
4 8 24 38 -110 1 1 1 2
4 8 24 39 -113 1 1 1 2
4 8 24 40 -116 1 1 1 4
4 8 24 41 -119 1 1 1 4
4 8 24 42 -122 1 1 1 4
4 8 24 43 -125 1 1 1 4
4 8 24 44 -128 1 1 1 6
4 8 24 45 -131 1 1 1 6
4 8 24 46 -134 1 1 1 6
4 8 24 47 -137 1 1 1 6
4 8 24 48 -132 1 1 1 9
4 8 24 49 -141 1 1 1 9
4 8 24 50 -146 1 1 1 9
4 8 24 51 -149 1 1 1 9
4 8 24 52 -152 1 1 1 12
4 8 24 53 -155 1 1 1 12
4 8 24 54 -158 1 1 1 12
4 8 24 55 -161 1 1 1 12
4 8 24 56 -164 1 1 1 17
4 8 24 57 -167 1 1 1 17
4 8 24 58 -170 1 1 1 17
4 8 24 59 -173 1 1 1 17
4 8 24 60 -176 1 1 1 22
4 8 24 61 -179 1 1 1 22
4 8 24 62 -182 1 1 1 22
4 8 24 63 -185 1 1 1 22
4 8 24 64 -188 1 1 1 29
4 10 10 20 -16 1 1 1 1
4 10 10 21 -34 1 1 1 1
4 10 10 22 -52 1 1 1 1
4 10 10 23 -65 1 1 1 1
4 10 10 24 -52 2 1 1 2
4 10 10 25 -71 1 1 1 2
4 10 10 26 -74 1 1 1 2
4 10 10 27 -77 1 1 1 2
4 10 10 28 -80 1 1 1 3
4 10 10 29 -83 1 1 1 3
4 10 10 30 -60 1 1 1 4
4 10 10 31 -89 1 1 1 4
4 10 10 32 -92 1 1 1 5
4 10 10 33 -95 1 1 1 5
4 10 10 34 -98 1 1 1 6
4 10 10 35 -101 1 1 1 6
4 10 10 36 -104 1 1 1 7
4 10 10 37 -107 1 1 1 7
4 10 10 38 -110 1 1 1 8
4 10 10 39 -113 1 1 1 8
4 10 10 40 -116 1 1 1 11
4 10 10 41 -119 1 1 1 11
4 10 10 42 -122 1 1 1 12
4 10 10 43 -125 1 1 1 12
4 10 10 44 -128 1 1 1 15
4 10 10 45 -131 1 1 1 15
4 10 10 46 -134 1 1 1 16
4 10 10 47 -137 1 1 1 16
4 10 10 48 -140 1 1 1 19
4 10 10 49 -143 1 1 1 19
4 10 10 50 -146 1 1 1 22
4 10 10 51 -149 1 1 1 22
4 10 10 52 -152 1 1 1 25
4 10 10 53 -155 1 1 1 25
4 10 10 54 -158 1 1 1 28
4 10 10 55 -161 1 1 1 28
4 10 10 56 -164 1 1 1 31
4 10 10 57 -167 1 1 1 31
4 10 10 58 -170 1 1 1 34
4 10 10 59 -173 1 1 1 34
4 10 10 60 -176 1 1 1 40
4 10 10 61 -179 1 1 1 40
4 10 10 62 -182 1 1 1 43
4 10 10 63 -185 1 1 1 43
4 10 10 64 -188 1 1 1 49
4 10 12 22 -54 1 1 1 1
4 10 12 23 -65 1 1 1 1
4 10 12 24 -52 1 1 1 1
4 10 12 25 -69 1 1 1 1
4 10 12 26 -74 1 1 1 2
4 10 12 27 -77 1 1 1 2
4 10 12 28 -80 1 1 1 2
4 10 12 29 -83 1 1 1 2
4 10 12 30 -86 1 1 1 3
4 10 12 31 -89 1 1 1 3
4 10 12 32 -92 1 1 1 4
4 10 12 33 -95 1 1 1 4
4 10 12 34 -98 1 1 1 6
4 10 12 35 -101 1 1 1 6
4 10 12 36 -104 1 1 1 7
4 10 12 37 -107 1 1 1 7
4 10 12 38 -110 1 1 1 9
4 10 12 39 -113 1 1 1 9
4 10 12 40 -116 1 1 1 10
4 10 12 41 -119 1 1 1 10
4 10 12 42 -122 1 1 1 13
4 10 12 43 -125 1 1 1 13
4 10 12 44 -128 1 1 1 15
4 10 12 45 -131 1 1 1 15
4 10 12 46 -134 1 1 1 19
4 10 12 47 -137 1 1 1 19
4 10 12 48 -140 1 1 1 21
4 10 12 49 -143 1 1 1 21
4 10 12 50 -146 1 1 1 25
4 10 12 51 -149 1 1 1 25
4 10 12 52 -152 1 1 1 28
4 10 12 53 -155 1 1 1 28
4 10 12 54 -158 1 1 1 33
4 10 12 55 -161 1 1 1 33
4 10 12 56 -164 1 1 1 37
4 10 12 57 -167 1 1 1 37
4 10 12 58 -170 1 1 1 43
4 10 12 59 -173 1 1 1 43
4 10 12 60 -176 1 1 1 47
4 10 12 61 -179 1 1 1 47
4 10 12 62 -182 1 1 1 54
4 10 12 63 -185 1 1 1 54
4 10 12 64 -188 1 1 1 59
4 10 16 26 -74 1 1 1 1
4 10 16 27 -77 1 1 1 1
4 10 16 28 -80 1 1 1 1
4 10 16 29 -83 1 1 1 1
4 10 16 30 -86 1 1 1 2
4 10 16 31 -89 1 1 1 2
4 10 16 32 -84 1 1 1 2
4 10 16 33 -93 1 1 1 2
4 10 16 34 -98 1 1 1 3
4 10 16 35 -101 1 1 1 3
4 10 16 36 -104 1 1 1 4
4 10 16 37 -107 1 1 1 4
4 10 16 38 -110 1 1 1 5
4 10 16 39 -113 1 1 1 5
4 10 16 40 -116 1 1 1 6
4 10 16 41 -119 1 1 1 6
4 10 16 42 -122 1 1 1 8
4 10 16 43 -125 1 1 1 8
4 10 16 44 -128 1 1 1 9
4 10 16 45 -131 1 1 1 9
4 10 16 46 -134 1 1 1 12
4 10 16 47 -137 1 1 1 12
4 10 16 48 -140 1 1 1 13
4 10 16 49 -143 1 1 1 13
4 10 16 50 -146 1 1 1 16
4 10 16 51 -149 1 1 1 16
4 10 16 52 -152 1 1 1 18
4 10 16 53 -155 1 1 1 18
4 10 16 54 -158 1 1 1 21
4 10 16 55 -161 1 1 1 21
4 10 16 56 -164 1 1 1 24
4 10 16 57 -167 1 1 1 24
4 10 16 58 -170 1 1 1 28
4 10 16 59 -173 1 1 1 28
4 10 16 60 -176 1 1 1 31
4 10 16 61 -179 1 1 1 31
4 10 16 62 -182 1 1 1 36
4 10 16 63 -185 1 1 1 36
4 10 16 64 -188 1 1 1 39
4 10 20 30 -76 1 1 1 1
4 10 20 31 -89 1 1 1 1
4 10 20 32 -92 1 1 1 1
4 10 20 33 -95 1 1 1 1
4 10 20 34 -98 1 1 1 2
4 10 20 35 -101 1 1 1 2
4 10 20 36 -104 1 1 1 2
4 10 20 37 -107 1 1 1 2
4 10 20 38 -110 1 1 1 3
4 10 20 39 -113 1 1 1 3
4 10 20 40 -108 1 1 1 4
4 10 20 41 -117 1 1 1 4
4 10 20 42 -122 1 1 1 5
4 10 20 43 -125 1 1 1 5
4 10 20 44 -128 1 1 1 6
4 10 20 45 -131 1 1 1 6
4 10 20 46 -134 1 1 1 7
4 10 20 47 -137 1 1 1 7
4 10 20 48 -140 1 1 1 8
4 10 20 49 -143 1 1 1 8
4 10 20 50 -146 1 1 1 11
4 10 20 51 -149 1 1 1 11
4 10 20 52 -152 1 1 1 12
4 10 20 53 -155 1 1 1 12
4 10 20 54 -158 1 1 1 15
4 10 20 55 -161 1 1 1 15
4 10 20 56 -164 1 1 1 16
4 10 20 57 -167 1 1 1 16
4 10 20 58 -170 1 1 1 19
4 10 20 59 -173 1 1 1 19
4 10 20 60 -176 1 1 1 22
4 10 20 61 -179 1 1 1 22
4 10 20 62 -182 1 1 1 25
4 10 20 63 -185 1 1 1 25
4 10 20 64 -188 1 1 1 28
4 10 24 34 -98 1 1 1 1
4 10 24 35 -101 1 1 1 1
4 10 24 36 -104 1 1 1 1
4 10 24 37 -107 1 1 1 1
4 10 24 38 -110 1 1 1 2
4 10 24 39 -113 1 1 1 2
4 10 24 40 -116 1 1 1 2
4 10 24 41 -119 1 1 1 2
4 10 24 42 -122 1 1 1 3
4 10 24 43 -125 1 1 1 3
4 10 24 44 -128 1 1 1 4
4 10 24 45 -131 1 1 1 4
4 10 24 46 -134 1 1 1 5
4 10 24 47 -137 1 1 1 5
4 10 24 48 -132 1 1 1 6
4 10 24 49 -141 1 1 1 6
4 10 24 50 -146 1 1 1 7
4 10 24 51 -149 1 1 1 7
4 10 24 52 -152 1 1 1 8
4 10 24 53 -155 1 1 1 8
4 10 24 54 -158 1 1 1 10
4 10 24 55 -161 1 1 1 10
4 10 24 56 -164 1 1 1 11
4 10 24 57 -167 1 1 1 11
4 10 24 58 -170 1 1 1 14
4 10 24 59 -173 1 1 1 14
4 10 24 60 -176 1 1 1 15
4 10 24 61 -179 1 1 1 15
4 10 24 62 -182 1 1 1 18
4 10 24 63 -185 1 1 1 18
4 10 24 64 -188 1 1 1 20
4 12 12 24 -24 1 1 1 1
4 12 12 25 -42 1 1 1 1
4 12 12 26 -60 1 1 1 1
4 12 12 27 -77 1 1 1 1
4 12 12 28 -48 2 1 1 2
4 12 12 29 -83 1 1 1 2
4 12 12 30 -86 1 1 1 2
4 12 12 31 -89 1 1 1 2
4 12 12 32 -92 1 1 1 3
4 12 12 33 -95 1 1 1 3
4 12 12 34 -98 1 1 1 3
4 12 12 35 -101 1 1 1 3
4 12 12 36 -80 1 1 1 5
4 12 12 37 -107 1 1 1 5
4 12 12 38 -110 1 1 1 5
4 12 12 39 -113 1 1 1 5
4 12 12 40 -116 1 1 1 7
4 12 12 41 -119 1 1 1 7
4 12 12 42 -122 1 1 1 7
4 12 12 43 -125 1 1 1 7
4 12 12 44 -128 1 1 1 9
4 12 12 45 -131 1 1 1 9
4 12 12 46 -134 1 1 1 9
4 12 12 47 -137 1 1 1 9
4 12 12 48 -140 1 1 1 13
4 12 12 49 -143 1 1 1 13
4 12 12 50 -146 1 1 1 13
4 12 12 51 -149 1 1 1 13
4 12 12 52 -152 1 1 1 17
4 12 12 53 -155 1 1 1 17
4 12 12 54 -158 1 1 1 17
4 12 12 55 -161 1 1 1 17
4 12 12 56 -164 1 1 1 21
4 12 12 57 -167 1 1 1 21
4 12 12 58 -170 1 1 1 21
4 12 12 59 -173 1 1 1 21
4 12 12 60 -176 1 1 1 27
4 12 12 61 -179 1 1 1 27
4 12 12 62 -182 1 1 1 27
4 12 12 63 -185 1 1 1 27
4 12 12 64 -188 1 1 1 33
4 12 16 28 -80 1 1 1 1
4 12 16 29 -83 1 1 1 1
4 12 16 30 -86 1 1 1 1
4 12 16 31 -89 1 1 1 1
4 12 16 32 -84 1 1 1 2
4 12 16 33 -93 1 1 1 2
4 12 16 34 -98 1 1 1 2
4 12 16 35 -101 1 1 1 2
4 12 16 36 -104 1 1 1 3
4 12 16 37 -107 1 1 1 3
4 12 16 38 -110 1 1 1 3
4 12 16 39 -113 1 1 1 3
4 12 16 40 -116 1 1 1 5
4 12 16 41 -119 1 1 1 5
4 12 16 42 -122 1 1 1 5
4 12 16 43 -125 1 1 1 5
4 12 16 44 -128 1 1 1 8
4 12 16 45 -131 1 1 1 8
4 12 16 46 -134 1 1 1 8
4 12 16 47 -137 1 1 1 8
4 12 16 48 -140 1 1 1 11
4 12 16 49 -143 1 1 1 11
4 12 16 50 -146 1 1 1 11
4 12 16 51 -149 1 1 1 11
4 12 16 52 -152 1 1 1 15
4 12 16 53 -155 1 1 1 15
4 12 16 54 -158 1 1 1 15
4 12 16 55 -161 1 1 1 15
4 12 16 56 -164 1 1 1 20
4 12 16 57 -167 1 1 1 20
4 12 16 58 -170 1 1 1 20
4 12 16 59 -173 1 1 1 20
4 12 16 60 -176 1 1 1 26
4 12 16 61 -179 1 1 1 26
4 12 16 62 -182 1 1 1 26
4 12 16 63 -185 1 1 1 26
4 12 16 64 -188 1 1 1 33
4 12 20 32 -92 1 1 1 1
4 12 20 33 -95 1 1 1 1
4 12 20 34 -98 1 1 1 1
4 12 20 35 -101 1 1 1 1
4 12 20 36 -104 1 1 1 2
4 12 20 37 -107 1 1 1 2
4 12 20 38 -110 1 1 1 2
4 12 20 39 -113 1 1 1 2
4 12 20 40 -108 1 1 1 3
4 12 20 41 -117 1 1 1 3
4 12 20 42 -122 1 1 1 3
4 12 20 43 -125 1 1 1 3
4 12 20 44 -128 1 1 1 5
4 12 20 45 -131 1 1 1 5
4 12 20 46 -134 1 1 1 5
4 12 20 47 -137 1 1 1 5
4 12 20 48 -140 1 1 1 7
4 12 20 49 -143 1 1 1 7
4 12 20 50 -146 1 1 1 7
4 12 20 51 -149 1 1 1 7
4 12 20 52 -152 1 1 1 10
4 12 20 53 -155 1 1 1 10
4 12 20 54 -158 1 1 1 10
4 12 20 55 -161 1 1 1 10
4 12 20 56 -164 1 1 1 14
4 12 20 57 -167 1 1 1 14
4 12 20 58 -170 1 1 1 14
4 12 20 59 -173 1 1 1 14
4 12 20 60 -176 1 1 1 18
4 12 20 61 -179 1 1 1 18
4 12 20 62 -182 1 1 1 18
4 12 20 63 -185 1 1 1 18
4 12 20 64 -188 1 1 1 23
4 12 24 36 -96 1 1 1 1
4 12 24 37 -107 1 1 1 1
4 12 24 38 -110 1 1 1 1
4 12 24 39 -113 1 1 1 1
4 12 24 40 -116 1 1 1 2
4 12 24 41 -119 1 1 1 2
4 12 24 42 -122 1 1 1 2
4 12 24 43 -125 1 1 1 2
4 12 24 44 -128 1 1 1 3
4 12 24 45 -131 1 1 1 3
4 12 24 46 -134 1 1 1 3
4 12 24 47 -137 1 1 1 3
4 12 24 48 -132 1 1 1 5
4 12 24 49 -141 1 1 1 5
4 12 24 50 -146 1 1 1 5
4 12 24 51 -149 1 1 1 5
4 12 24 52 -152 1 1 1 7
4 12 24 53 -155 1 1 1 7
4 12 24 54 -158 1 1 1 7
4 12 24 55 -161 1 1 1 7
4 12 24 56 -164 1 1 1 9
4 12 24 57 -167 1 1 1 9
4 12 24 58 -170 1 1 1 9
4 12 24 59 -173 1 1 1 9
4 12 24 60 -176 1 1 1 13
4 12 24 61 -179 1 1 1 13
4 12 24 62 -182 1 1 1 13
4 12 24 63 -185 1 1 1 13
4 12 24 64 -188 1 1 1 17
4 16 16 32 -40 1 1 1 1
4 16 16 33 -58 1 1 1 1
4 16 16 34 -76 1 1 1 1
4 16 16 35 -94 1 1 1 1
4 16 16 36 -104 1 1 1 2
4 16 16 37 -107 1 1 1 2
4 16 16 38 -110 1 1 1 2
4 16 16 39 -113 1 1 1 2
4 16 16 40 -116 1 1 1 3
4 16 16 41 -119 1 1 1 3
4 16 16 42 -122 1 1 1 3
4 16 16 43 -125 1 1 1 3
4 16 16 44 -128 1 1 1 4
4 16 16 45 -131 1 1 1 4
4 16 16 46 -134 1 1 1 4
4 16 16 47 -137 1 1 1 4
4 16 16 48 -120 1 1 1 6
4 16 16 49 -143 1 1 1 6
4 16 16 50 -146 1 1 1 6
4 16 16 51 -149 1 1 1 6
4 16 16 52 -152 1 1 1 8
4 16 16 53 -155 1 1 1 8
4 16 16 54 -158 1 1 1 8
4 16 16 55 -161 1 1 1 8
4 16 16 56 -164 1 1 1 10
4 16 16 57 -167 1 1 1 10
4 16 16 58 -170 1 1 1 10
4 16 16 59 -173 1 1 1 10
4 16 16 60 -176 1 1 1 12
4 16 16 61 -179 1 1 1 12
4 16 16 62 -182 1 1 1 12
4 16 16 63 -185 1 1 1 12
4 16 16 64 -188 1 1 1 16
4 16 20 36 -104 1 1 1 1
4 16 20 37 -107 1 1 1 1
4 16 20 38 -110 1 1 1 1
4 16 20 39 -113 1 1 1 1
4 16 20 40 -108 1 1 1 2
4 16 20 41 -117 1 1 1 2
4 16 20 42 -122 1 1 1 2
4 16 20 43 -125 1 1 1 2
4 16 20 44 -128 1 1 1 3
4 16 20 45 -131 1 1 1 3
4 16 20 46 -134 1 1 1 3
4 16 20 47 -137 1 1 1 3
4 16 20 48 -140 1 1 1 4
4 16 20 49 -143 1 1 1 4
4 16 20 50 -146 1 1 1 4
4 16 20 51 -149 1 1 1 4
4 16 20 52 -152 1 1 1 6
4 16 20 53 -155 1 1 1 6
4 16 20 54 -158 1 1 1 6
4 16 20 55 -161 1 1 1 6
4 16 20 56 -164 1 1 1 9
4 16 20 57 -167 1 1 1 9
4 16 20 58 -170 1 1 1 9
4 16 20 59 -173 1 1 1 9
4 16 20 60 -176 1 1 1 12
4 16 20 61 -179 1 1 1 12
4 16 20 62 -182 1 1 1 12
4 16 20 63 -185 1 1 1 12
4 16 20 64 -188 1 1 1 15
4 16 24 40 -116 1 1 1 1
4 16 24 41 -119 1 1 1 1
4 16 24 42 -122 1 1 1 1
4 16 24 43 -125 1 1 1 1
4 16 24 44 -128 1 1 1 2
4 16 24 45 -131 1 1 1 2
4 16 24 46 -134 1 1 1 2
4 16 24 47 -137 1 1 1 2
4 16 24 48 -132 1 1 1 3
4 16 24 49 -141 1 1 1 3
4 16 24 50 -146 1 1 1 3
4 16 24 51 -149 1 1 1 3
4 16 24 52 -152 1 1 1 4
4 16 24 53 -155 1 1 1 4
4 16 24 54 -158 1 1 1 4
4 16 24 55 -161 1 1 1 4
4 16 24 56 -164 1 1 1 6
4 16 24 57 -167 1 1 1 6
4 16 24 58 -170 1 1 1 6
4 16 24 59 -173 1 1 1 6
4 16 24 60 -176 1 1 1 8
4 16 24 61 -179 1 1 1 8
4 16 24 62 -182 1 1 1 8
4 16 24 63 -185 1 1 1 8
4 16 24 64 -188 1 1 1 11
4 20 20 40 -56 1 1 1 1
4 20 20 41 -74 1 1 1 1
4 20 20 42 -92 1 1 1 1
4 20 20 43 -110 1 1 1 1
4 20 20 44 -128 1 1 1 2
4 20 20 45 -131 1 1 1 2
4 20 20 46 -134 1 1 1 2
4 20 20 47 -137 1 1 1 2
4 20 20 48 -140 1 1 1 3
4 20 20 49 -143 1 1 1 3
4 20 20 50 -146 1 1 1 3
4 20 20 51 -149 1 1 1 3
4 20 20 52 -152 1 1 1 4
4 20 20 53 -155 1 1 1 4
4 20 20 54 -158 1 1 1 4
4 20 20 55 -161 1 1 1 4
4 20 20 56 -164 1 1 1 5
4 20 20 57 -167 1 1 1 5
4 20 20 58 -170 1 1 1 5
4 20 20 59 -173 1 1 1 5
4 20 20 60 -160 1 1 1 7
4 20 20 61 -179 1 1 1 7
4 20 20 62 -182 1 1 1 7
4 20 20 63 -185 1 1 1 7
4 20 20 64 -188 1 1 1 9
4 20 24 44 -128 1 1 1 1
4 20 24 45 -131 1 1 1 1
4 20 24 46 -134 1 1 1 1
4 20 24 47 -137 1 1 1 1
4 20 24 48 -132 1 1 1 2
4 20 24 49 -141 1 1 1 2
4 20 24 50 -146 1 1 1 2
4 20 24 51 -149 1 1 1 2
4 20 24 52 -152 1 1 1 3
4 20 24 53 -155 1 1 1 3
4 20 24 54 -158 1 1 1 3
4 20 24 55 -161 1 1 1 3
4 20 24 56 -164 1 1 1 4
4 20 24 57 -167 1 1 1 4
4 20 24 58 -170 1 1 1 4
4 20 24 59 -173 1 1 1 4
4 20 24 60 -176 1 1 1 5
4 20 24 61 -179 1 1 1 5
4 20 24 62 -182 1 1 1 5
4 20 24 63 -185 1 1 1 5
4 20 24 64 -188 1 1 1 7
4 24 24 48 -72 1 1 1 1
4 24 24 49 -90 1 1 1 1
4 24 24 50 -108 1 1 1 1
4 24 24 51 -126 1 1 1 1
4 24 24 52 -144 1 1 1 2
4 24 24 53 -155 1 1 1 2
4 24 24 54 -158 1 1 1 2
4 24 24 55 -161 1 1 1 2
4 24 24 56 -164 1 1 1 3
4 24 24 57 -167 1 1 1 3
4 24 24 58 -170 1 1 1 3
4 24 24 59 -173 1 1 1 3
4 24 24 60 -176 1 1 1 4
4 24 24 61 -179 1 1 1 4
4 24 24 62 -182 1 1 1 4
4 24 24 63 -185 1 1 1 4
4 24 24 64 -188 1 1 1 5
