18 1 1 1 -50
18 1 1 2 -50
18 1 1 3 -50
18 1 1 4 -50
18 1 1 5 -50
18 1 1 6 -50
18 1 1 7 -50
18 1 1 8 -50
18 1 1 9 -50
18 1 1 10 -50
18 1 1 11 -50
18 1 1 12 -50
18 1 1 13 -50
18 1 1 14 -50
18 1 1 15 -50
18 1 1 16 -50
18 1 1 17 -50
18 1 2 2 -50
18 1 2 3 -50
18 1 2 4 -50
18 1 2 5 -50
18 1 2 6 -50
18 1 2 7 -50
18 1 2 8 -50
18 1 2 9 -50
18 1 2 10 -50
18 1 2 11 -50
18 1 2 12 -50
18 1 2 13 -50
18 1 2 14 -50
18 1 2 15 -50
18 1 2 16 -50
18 1 3 3 -50
18 1 3 4 -50
18 1 3 5 -50
18 1 3 6 -50
18 1 3 7 -50
18 1 3 8 -50
18 1 3 9 -50
18 1 3 10 -50
18 1 3 11 -50
18 1 3 12 -50
18 1 3 13 -50
18 1 3 14 -50
18 1 3 15 -50
18 1 4 4 -50
18 1 4 5 -50
18 1 4 6 -50
18 1 4 7 -50
18 1 4 8 -50
18 1 4 9 -50
18 1 4 10 -50
18 1 4 11 -50
18 1 4 12 -50
18 1 4 13 -50
18 1 4 14 -50
18 1 5 5 -50
18 1 5 6 -50
18 1 5 7 -50
18 1 5 8 -50
18 1 5 9 -50
18 1 5 10 -50
18 1 5 11 -50
18 1 5 12 -50
18 1 5 13 -50
18 1 6 6 -50
18 1 6 7 -50
18 1 6 8 -50
18 1 6 9 -50
18 1 6 10 -50
18 1 6 11 -50
18 1 6 12 -50
18 1 7 7 -50
18 1 7 8 -50
18 1 7 9 -50
18 1 7 10 -50
18 1 7 11 -50
18 1 8 8 -50
18 1 8 9 -50
18 1 8 10 -50
18 1 9 9 -50
18 2 2 2 -50
18 2 2 3 -50
18 2 2 4 -50
18 2 2 5 -50
18 2 2 6 -50
18 2 2 7 -50
18 2 2 8 -50
18 2 2 9 -50
18 2 2 10 -50
18 2 2 11 -50
18 2 2 12 -50
18 2 2 13 -50
18 2 2 14 -50
18 2 2 15 -50
18 2 3 3 -50
18 2 3 4 -50
18 2 3 5 -50
18 2 3 6 -50
18 2 3 7 -50
18 2 3 8 -50
18 2 3 9 -50
18 2 3 10 -50
18 2 3 11 -50
18 2 3 12 -50
18 2 3 13 -50
18 2 3 14 -50
18 2 4 4 -50
18 2 4 5 -50
18 2 4 6 -50
18 2 4 7 -50
18 2 4 8 -50
18 2 4 9 -50
18 2 4 10 -50
18 2 4 11 -50
18 2 4 12 -50
18 2 4 13 -50
18 2 5 5 -50
18 2 5 6 -50
18 2 5 7 -50
18 2 5 8 -50
18 2 5 9 -50
18 2 5 10 -50
18 2 5 11 -50
18 2 5 12 -50
18 2 6 6 -50
18 2 6 7 -50
18 2 6 8 -50
18 2 6 9 -50
18 2 6 10 -50
18 2 6 11 -50
18 2 7 7 -50
18 2 7 8 -50
18 2 7 9 -50
18 2 7 10 -50
18 2 8 8 -50
18 2 8 9 -50
18 3 3 3 -50
18 3 3 4 -50
18 3 3 5 -50
18 3 3 6 -50
18 3 3 7 -50
18 3 3 8 -50
18 3 3 9 -50
18 3 3 10 -50
18 3 3 11 -50
18 3 3 12 -50
18 3 3 13 -50
18 3 4 4 -50
18 3 4 5 -50
18 3 4 6 -50
18 3 4 7 -50
18 3 4 8 -50
18 3 4 9 -50
18 3 4 10 -50
18 3 4 11 -50
18 3 4 12 -50
18 3 5 5 -50
18 3 5 6 -50
18 3 5 7 -50
18 3 5 8 -50
18 3 5 9 -50
18 3 5 10 -50
18 3 5 11 -50
18 3 6 6 -50
18 3 6 7 -50
18 3 6 8 -50
18 3 6 9 -50
18 3 6 10 -50
18 3 7 7 -50
18 3 7 8 -50
18 3 7 9 -50
18 3 8 8 -50
18 4 4 4 -50
18 4 4 5 -50
18 4 4 6 -50
18 4 4 7 -50
18 4 4 8 -50
18 4 4 9 -50
18 4 4 10 -50
18 4 4 11 -50
18 4 5 5 -50
18 4 5 6 -50
18 4 5 7 -50
18 4 5 8 -50
18 4 5 9 -50
18 4 5 10 -50
18 4 6 6 -50
18 4 6 7 -50
18 4 6 8 -50
18 4 6 9 -50
18 4 7 7 -50
18 4 7 8 -50
18 5 5 5 -50
18 5 5 6 -50
18 5 5 7 -50
18 5 5 8 -50
18 5 5 9 -50
18 5 6 6 -50
18 5 6 7 -50
18 5 6 8 -50
18 5 7 7 -50
18 6 6 6 -50
18 6 6 7 -50
19 1 1 1 -53
19 1 1 2 -53
19 1 1 3 -53
19 1 1 4 -53
19 1 1 5 -53
19 1 1 6 -53
19 1 1 7 -53
19 1 1 8 -53
19 1 1 9 -53
19 1 1 10 -53
19 1 1 11 -53
19 1 1 12 -53
19 1 1 13 -53
19 1 1 14 -53
19 1 1 15 -53
19 1 1 16 -53
19 1 1 17 -53
19 1 1 18 -53
19 1 2 2 -53
19 1 2 3 -53
19 1 2 4 -53
19 1 2 5 -53
19 1 2 6 -53
19 1 2 7 -53
19 1 2 8 -53
19 1 2 9 -53
19 1 2 10 -53
19 1 2 11 -53
19 1 2 12 -53
19 1 2 13 -53
19 1 2 14 -53
19 1 2 15 -53
19 1 2 16 -53
19 1 2 17 -53
19 1 3 3 -53
19 1 3 4 -53
19 1 3 5 -53
19 1 3 6 -53
19 1 3 7 -53
19 1 3 8 -53
19 1 3 9 -53
19 1 3 10 -53
19 1 3 11 -53
19 1 3 12 -53
19 1 3 13 -53
19 1 3 14 -53
19 1 3 15 -53
19 1 3 16 -53
19 1 4 4 -53
19 1 4 5 -53
19 1 4 6 -53
19 1 4 7 -53
19 1 4 8 -53
19 1 4 9 -53
19 1 4 10 -53
19 1 4 11 -53
19 1 4 12 -53
19 1 4 13 -53
19 1 4 14 -53
19 1 4 15 -53
19 1 5 5 -53
19 1 5 6 -53
19 1 5 7 -53
19 1 5 8 -53
19 1 5 9 -53
19 1 5 10 -53
19 1 5 11 -53
19 1 5 12 -53
19 1 5 13 -53
19 1 5 14 -53
19 1 6 6 -53
19 1 6 7 -53
19 1 6 8 -53
19 1 6 9 -53
19 1 6 10 -53
19 1 6 11 -53
19 1 6 12 -53
19 1 6 13 -53
19 1 7 7 -53
19 1 7 8 -53
19 1 7 9 -53
19 1 7 10 -53
19 1 7 11 -53
19 1 7 12 -53
19 1 8 8 -53
19 1 8 9 -53
19 1 8 10 -53
19 1 8 11 -53
19 1 9 9 -53
19 1 9 10 -53
19 2 2 2 -53
19 2 2 3 -53
19 2 2 4 -53
19 2 2 5 -53
19 2 2 6 -53
19 2 2 7 -53
19 2 2 8 -53
19 2 2 9 -53
19 2 2 10 -53
19 2 2 11 -53
19 2 2 12 -53
19 2 2 13 -53
19 2 2 14 -53
19 2 2 15 -53
19 2 2 16 -53
19 2 3 3 -53
19 2 3 4 -53
19 2 3 5 -53
19 2 3 6 -53
19 2 3 7 -53
19 2 3 8 -53
19 2 3 9 -53
19 2 3 10 -53
19 2 3 11 -53
19 2 3 12 -53
19 2 3 13 -53
19 2 3 14 -53
19 2 3 15 -53
19 2 4 4 -53
19 2 4 5 -53
19 2 4 6 -53
19 2 4 7 -53
19 2 4 8 -53
19 2 4 9 -53
19 2 4 10 -53
19 2 4 11 -53
19 2 4 12 -53
19 2 4 13 -53
19 2 4 14 -53
19 2 5 5 -53
19 2 5 6 -53
19 2 5 7 -53
19 2 5 8 -53
19 2 5 9 -53
19 2 5 10 -53
19 2 5 11 -53
19 2 5 12 -53
19 2 5 13 -53
19 2 6 6 -53
19 2 6 7 -53
19 2 6 8 -53
19 2 6 9 -53
19 2 6 10 -53
19 2 6 11 -53
19 2 6 12 -53
19 2 7 7 -53
19 2 7 8 -53
19 2 7 9 -53
19 2 7 10 -53
19 2 7 11 -53
19 2 8 8 -53
19 2 8 9 -53
19 2 8 10 -53
19 2 9 9 -53
19 3 3 3 -53
19 3 3 4 -53
19 3 3 5 -53
19 3 3 6 -53
19 3 3 7 -53
19 3 3 8 -53
19 3 3 9 -53
19 3 3 10 -53
19 3 3 11 -53
19 3 3 12 -53
19 3 3 13 -53
19 3 3 14 -53
19 3 4 4 -53
19 3 4 5 -53
19 3 4 6 -53
19 3 4 7 -53
19 3 4 8 -53
19 3 4 9 -53
19 3 4 10 -53
19 3 4 11 -53
19 3 4 12 -53
19 3 4 13 -53
19 3 5 5 -53
19 3 5 6 -53
19 3 5 7 -53
19 3 5 8 -53
19 3 5 9 -53
19 3 5 10 -53
19 3 5 11 -53
19 3 5 12 -53
19 3 6 6 -53
19 3 6 7 -53
19 3 6 8 -53
19 3 6 9 -53
19 3 6 10 -53
19 3 6 11 -53
19 3 7 7 -53
19 3 7 8 -53
19 3 7 9 -53
19 3 7 10 -53
19 3 8 8 -53
19 3 8 9 -53
19 4 4 4 -53
19 4 4 5 -53
19 4 4 6 -53
19 4 4 7 -53
19 4 4 8 -53
19 4 4 9 -53
19 4 4 10 -53
19 4 4 11 -53
19 4 4 12 -53
19 4 5 5 -53
19 4 5 6 -53
19 4 5 7 -53
19 4 5 8 -53
19 4 5 9 -53
19 4 5 10 -53
19 4 5 11 -53
19 4 6 6 -53
19 4 6 7 -53
19 4 6 8 -53
19 4 6 9 -53
19 4 6 10 -53
19 4 7 7 -53
19 4 7 8 -53
19 4 7 9 -53
19 4 8 8 -53
19 5 5 5 -53
19 5 5 6 -53
19 5 5 7 -53
19 5 5 8 -53
19 5 5 9 -53
19 5 5 10 -53
19 5 6 6 -53
19 5 6 7 -53
19 5 6 8 -53
19 5 6 9 -53
19 5 7 7 -53
19 5 7 8 -53
19 6 6 6 -53
19 6 6 7 -53
19 6 6 8 -53
19 6 7 7 -53
20 1 1 1 -56
20 1 1 2 -56
20 1 1 3 -56
20 1 1 4 -56
20 1 1 5 -56
20 1 1 6 -56
20 1 1 7 -56
20 1 1 8 -56
20 1 1 9 -56
20 1 1 10 -56
20 1 1 11 -56
20 1 1 12 -56
20 1 1 13 -56
20 1 1 14 -56
20 1 1 15 -56
20 1 1 16 -56
20 1 1 17 -56
20 1 1 18 -56
20 1 1 19 -56
20 1 2 2 -56
20 1 2 3 -56
20 1 2 4 -56
20 1 2 5 -56
20 1 2 6 -56
20 1 2 7 -56
20 1 2 8 -56
20 1 2 9 -56
20 1 2 10 -56
20 1 2 11 -56
20 1 2 12 -56
20 1 2 13 -56
20 1 2 14 -56
20 1 2 15 -56
20 1 2 16 -56
20 1 2 17 -56
20 1 2 18 -56
20 1 3 3 -56
20 1 3 4 -56
20 1 3 5 -56
20 1 3 6 -56
20 1 3 7 -56
20 1 3 8 -56
20 1 3 9 -56
20 1 3 10 -56
20 1 3 11 -56
20 1 3 12 -56
20 1 3 13 -56
20 1 3 14 -56
20 1 3 15 -56
20 1 3 16 -56
20 1 3 17 -56
20 1 4 4 -56
20 1 4 5 -56
20 1 4 6 -56
20 1 4 7 -56
20 1 4 8 -56
20 1 4 9 -56
20 1 4 10 -56
20 1 4 11 -56
20 1 4 12 -56
20 1 4 13 -56
20 1 4 14 -56
20 1 4 15 -56
20 1 4 16 -56
20 1 5 5 -56
20 1 5 6 -56
20 1 5 7 -56
20 1 5 8 -56
20 1 5 9 -56
20 1 5 10 -56
20 1 5 11 -56
20 1 5 12 -56
20 1 5 13 -56
20 1 5 14 -56
20 1 5 15 -56
20 1 6 6 -56
20 1 6 7 -56
20 1 6 8 -56
20 1 6 9 -56
20 1 6 10 -56
20 1 6 11 -56
20 1 6 12 -56
20 1 6 13 -56
20 1 6 14 -56
20 1 7 7 -56
20 1 7 8 -56
20 1 7 9 -56
20 1 7 10 -56
20 1 7 11 -56
20 1 7 12 -56
20 1 7 13 -56
20 1 8 8 -56
20 1 8 9 -56
20 1 8 10 -56
20 1 8 11 -56
20 1 8 12 -56
20 1 9 9 -56
20 1 9 10 -56
20 1 9 11 -56
20 1 10 10 -56
20 2 2 2 -56
20 2 2 3 -56
20 2 2 4 -56
20 2 2 5 -56
20 2 2 6 -56
20 2 2 7 -56
20 2 2 8 -56
20 2 2 9 -56
20 2 2 10 -56
20 2 2 11 -56
20 2 2 12 -56
20 2 2 13 -56
20 2 2 14 -56
20 2 2 15 -56
20 2 2 16 -56
20 2 2 17 -56
20 2 3 3 -56
20 2 3 4 -56
20 2 3 5 -56
20 2 3 6 -56
20 2 3 7 -56
20 2 3 8 -56
20 2 3 9 -56
20 2 3 10 -56
20 2 3 11 -56
20 2 3 12 -56
20 2 3 13 -56
20 2 3 14 -56
20 2 3 15 -56
20 2 3 16 -56
20 2 4 4 -56
20 2 4 5 -56
20 2 4 6 -56
20 2 4 7 -56
20 2 4 8 -56
20 2 4 9 -56
20 2 4 10 -56
20 2 4 11 -56
20 2 4 12 -56
20 2 4 13 -56
20 2 4 14 -56
20 2 4 15 -56
20 2 5 5 -56
20 2 5 6 -56
20 2 5 7 -56
20 2 5 8 -56
20 2 5 9 -56
20 2 5 10 -56
20 2 5 11 -56
20 2 5 12 -56
20 2 5 13 -56
20 2 5 14 -56
20 2 6 6 -56
20 2 6 7 -56
20 2 6 8 -56
20 2 6 9 -56
20 2 6 10 -56
20 2 6 11 -56
20 2 6 12 -56
20 2 6 13 -56
20 2 7 7 -56
20 2 7 8 -56
20 2 7 9 -56
20 2 7 10 -56
20 2 7 11 -56
20 2 7 12 -56
20 2 8 8 -56
20 2 8 9 -56
20 2 8 10 -56
20 2 8 11 -56
20 2 9 9 -56
20 2 9 10 -56
20 3 3 3 -56
20 3 3 4 -56
20 3 3 5 -56
20 3 3 6 -56
20 3 3 7 -56
20 3 3 8 -56
20 3 3 9 -56
20 3 3 10 -56
20 3 3 11 -56
20 3 3 12 -56
20 3 3 13 -56
20 3 3 14 -56
20 3 3 15 -56
20 3 4 4 -56
20 3 4 5 -56
20 3 4 6 -56
20 3 4 7 -56
20 3 4 8 -56
20 3 4 9 -56
20 3 4 10 -56
20 3 4 11 -56
20 3 4 12 -56
20 3 4 13 -56
20 3 4 14 -56
20 3 5 5 -56
20 3 5 6 -56
20 3 5 7 -56
20 3 5 8 -56
20 3 5 9 -56
20 3 5 10 -56
20 3 5 11 -56
20 3 5 12 -56
20 3 5 13 -56
20 3 6 6 -56
20 3 6 7 -56
20 3 6 8 -56
20 3 6 9 -56
20 3 6 10 -56
20 3 6 11 -56
20 3 6 12 -56
20 3 7 7 -56
20 3 7 8 -56
20 3 7 9 -56
20 3 7 10 -56
20 3 7 11 -56
20 3 8 8 -56
20 3 8 9 -56
20 3 8 10 -56
20 3 9 9 -56
20 4 4 4 -56
20 4 4 5 -56
20 4 4 6 -56
20 4 4 7 -56
20 4 4 8 -56
20 4 4 9 -56
20 4 4 10 -56
20 4 4 11 -56
20 4 4 12 -56
20 4 4 13 -56
20 4 5 5 -56
20 4 5 6 -56
20 4 5 7 -56
20 4 5 8 -56
20 4 5 9 -56
20 4 5 10 -56
20 4 5 11 -56
20 4 5 12 -56
20 4 6 6 -56
20 4 6 7 -56
20 4 6 8 -56
20 4 6 9 -56
20 4 6 10 -56
20 4 6 11 -56
20 4 7 7 -56
20 4 7 8 -56
20 4 7 9 -56
20 4 7 10 -56
20 4 8 8 -56
20 4 8 9 -56
20 5 5 5 -56
20 5 5 6 -56
20 5 5 7 -56
20 5 5 8 -56
20 5 5 9 -56
20 5 5 10 -56
20 5 5 11 -56
20 5 6 6 -56
20 5 6 7 -56
20 5 6 8 -56
20 5 6 9 -56
20 5 6 10 -56
20 5 7 7 -56
20 5 7 8 -56
20 5 7 9 -56
20 5 8 8 -56
20 6 6 6 -56
20 6 6 7 -56
20 6 6 8 -56
20 6 6 9 -56
20 6 7 7 -56
20 6 7 8 -56
20 7 7 7 -56
21 1 1 1 -59
21 1 1 2 -59
21 1 1 3 -59
21 1 1 4 -59
21 1 1 5 -59
21 1 1 6 -59
21 1 1 7 -59
21 1 1 8 -59
21 1 1 9 -59
21 1 1 10 -59
21 1 1 11 -59
21 1 1 12 -59
21 1 1 13 -59
21 1 1 14 -59
21 1 1 15 -59
21 1 1 16 -59
21 1 1 17 -59
21 1 1 18 -59
21 1 1 19 -59
21 1 1 20 -59
21 1 2 2 -59
21 1 2 3 -59
21 1 2 4 -59
21 1 2 5 -59
21 1 2 6 -59
21 1 2 7 -59
21 1 2 8 -59
21 1 2 9 -59
21 1 2 10 -59
21 1 2 11 -59
21 1 2 12 -59
21 1 2 13 -59
21 1 2 14 -59
21 1 2 15 -59
21 1 2 16 -59
21 1 2 17 -59
21 1 2 18 -59
21 1 2 19 -59
21 1 3 3 -59
21 1 3 4 -59
21 1 3 5 -59
21 1 3 6 -59
21 1 3 7 -59
21 1 3 8 -59
21 1 3 9 -59
21 1 3 10 -59
21 1 3 11 -59
21 1 3 12 -59
21 1 3 13 -59
21 1 3 14 -59
21 1 3 15 -59
21 1 3 16 -59
21 1 3 17 -59
21 1 3 18 -59
21 1 4 4 -59
21 1 4 5 -59
21 1 4 6 -59
21 1 4 7 -59
21 1 4 8 -59
21 1 4 9 -59
21 1 4 10 -59
21 1 4 11 -59
21 1 4 12 -59
21 1 4 13 -59
21 1 4 14 -59
21 1 4 15 -59
21 1 4 16 -59
21 1 4 17 -59
21 1 5 5 -59
21 1 5 6 -59
21 1 5 7 -59
21 1 5 8 -59
21 1 5 9 -59
21 1 5 10 -59
21 1 5 11 -59
21 1 5 12 -59
21 1 5 13 -59
21 1 5 14 -59
21 1 5 15 -59
21 1 5 16 -59
21 1 6 6 -59
21 1 6 7 -59
21 1 6 8 -59
21 1 6 9 -59
21 1 6 10 -59
21 1 6 11 -59
21 1 6 12 -59
21 1 6 13 -59
21 1 6 14 -59
21 1 6 15 -59
21 1 7 7 -59
21 1 7 8 -59
21 1 7 9 -59
21 1 7 10 -59
21 1 7 11 -59
21 1 7 12 -59
21 1 7 13 -59
21 1 7 14 -59
21 1 8 8 -59
21 1 8 9 -59
21 1 8 10 -59
21 1 8 11 -59
21 1 8 12 -59
21 1 8 13 -59
21 1 9 9 -59
21 1 9 10 -59
21 1 9 11 -59
21 1 9 12 -59
21 1 10 10 -59
21 1 10 11 -59
21 2 2 2 -59
21 2 2 3 -59
21 2 2 4 -59
21 2 2 5 -59
21 2 2 6 -59
21 2 2 7 -59
21 2 2 8 -59
21 2 2 9 -59
21 2 2 10 -59
21 2 2 11 -59
21 2 2 12 -59
21 2 2 13 -59
21 2 2 14 -59
21 2 2 15 -59
21 2 2 16 -59
21 2 2 17 -59
21 2 2 18 -59
21 2 3 3 -59
21 2 3 4 -59
21 2 3 5 -59
21 2 3 6 -59
21 2 3 7 -59
21 2 3 8 -59
21 2 3 9 -59
21 2 3 10 -59
21 2 3 11 -59
21 2 3 12 -59
21 2 3 13 -59
21 2 3 14 -59
21 2 3 15 -59
21 2 3 16 -59
21 2 3 17 -59
21 2 4 4 -59
21 2 4 5 -59
21 2 4 6 -59
21 2 4 7 -59
21 2 4 8 -59
21 2 4 9 -59
21 2 4 10 -59
21 2 4 11 -59
21 2 4 12 -59
21 2 4 13 -59
21 2 4 14 -59
21 2 4 15 -59
21 2 4 16 -59
21 2 5 5 -59
21 2 5 6 -59
21 2 5 7 -59
21 2 5 8 -59
21 2 5 9 -59
21 2 5 10 -59
21 2 5 11 -59
21 2 5 12 -59
21 2 5 13 -59
21 2 5 14 -59
21 2 5 15 -59
21 2 6 6 -59
21 2 6 7 -59
21 2 6 8 -59
21 2 6 9 -59
21 2 6 10 -59
21 2 6 11 -59
21 2 6 12 -59
21 2 6 13 -59
21 2 6 14 -59
21 2 7 7 -59
21 2 7 8 -59
21 2 7 9 -59
21 2 7 10 -59
21 2 7 11 -59
21 2 7 12 -59
21 2 7 13 -59
21 2 8 8 -59
21 2 8 9 -59
21 2 8 10 -59
21 2 8 11 -59
21 2 8 12 -59
21 2 9 9 -59
21 2 9 10 -59
21 2 9 11 -59
21 2 10 10 -59
21 3 3 3 -59
21 3 3 4 -59
21 3 3 5 -59
21 3 3 6 -59
21 3 3 7 -59
21 3 3 8 -59
21 3 3 9 -59
21 3 3 10 -59
21 3 3 11 -59
21 3 3 12 -59
21 3 3 13 -59
21 3 3 14 -59
21 3 3 15 -59
21 3 3 16 -59
21 3 4 4 -59
21 3 4 5 -59
21 3 4 6 -59
21 3 4 7 -59
21 3 4 8 -59
21 3 4 9 -59
21 3 4 10 -59
21 3 4 11 -59
21 3 4 12 -59
21 3 4 13 -59
21 3 4 14 -59
21 3 4 15 -59
21 3 5 5 -59
21 3 5 6 -59
21 3 5 7 -59
21 3 5 8 -59
21 3 5 9 -59
21 3 5 10 -59
21 3 5 11 -59
21 3 5 12 -59
21 3 5 13 -59
21 3 5 14 -59
21 3 6 6 -59
21 3 6 7 -59
21 3 6 8 -59
21 3 6 9 -59
21 3 6 10 -59
21 3 6 11 -59
21 3 6 12 -59
21 3 6 13 -59
21 3 7 7 -59
21 3 7 8 -59
21 3 7 9 -59
21 3 7 10 -59
21 3 7 11 -59
21 3 7 12 -59
21 3 8 8 -59
21 3 8 9 -59
21 3 8 10 -59
21 3 8 11 -59
21 3 9 9 -59
21 3 9 10 -59
21 4 4 4 -59
21 4 4 5 -59
21 4 4 6 -59
21 4 4 7 -59
21 4 4 8 -59
21 4 4 9 -59
21 4 4 10 -59
21 4 4 11 -59
21 4 4 12 -59
21 4 4 13 -59
21 4 4 14 -59
21 4 5 5 -59
21 4 5 6 -59
21 4 5 7 -59
21 4 5 8 -59
21 4 5 9 -59
21 4 5 10 -59
21 4 5 11 -59
21 4 5 12 -59
21 4 5 13 -59
21 4 6 6 -59
21 4 6 7 -59
21 4 6 8 -59
21 4 6 9 -59
21 4 6 10 -59
21 4 6 11 -59
21 4 6 12 -59
21 4 7 7 -59
21 4 7 8 -59
21 4 7 9 -59
21 4 7 10 -59
21 4 7 11 -59
21 4 8 8 -59
21 4 8 9 -59
21 4 8 10 -59
21 4 9 9 -59
21 5 5 5 -59
21 5 5 6 -59
21 5 5 7 -59
21 5 5 8 -59
21 5 5 9 -59
21 5 5 10 -59
21 5 5 11 -59
21 5 5 12 -59
21 5 6 6 -59
21 5 6 7 -59
21 5 6 8 -59
21 5 6 9 -59
21 5 6 10 -59
21 5 6 11 -59
21 5 7 7 -59
21 5 7 8 -59
21 5 7 9 -59
21 5 7 10 -59
21 5 8 8 -59
21 5 8 9 -59
21 6 6 6 -59
21 6 6 7 -59
21 6 6 8 -59
21 6 6 9 -59
21 6 6 10 -59
21 6 7 7 -59
21 6 7 8 -59
21 6 7 9 -59
21 6 8 8 -59
21 7 7 7 -59
21 7 7 8 -59
