4 4 4 20 32 1 2 2 5
4 4 4 21 -59 1 1 3 5
4 4 4 22 -62 1 1 3 5
4 4 4 23 -65 1 1 3 5
4 4 4 24 -12 1 2 2 9
4 4 4 25 -71 1 1 3 9
4 4 4 26 -74 1 1 3 9
4 4 4 27 -77 1 1 3 9
4 4 4 28 -80 1 1 3 14
4 4 4 29 -83 1 1 3 14
4 4 4 30 -86 1 1 3 14
4 4 4 31 -89 1 1 3 14
4 4 4 32 -92 1 1 3 21
4 4 4 33 -95 1 1 3 21
4 4 4 34 -98 1 1 3 21
4 4 4 35 -101 1 1 3 21
4 4 4 36 -104 1 1 3 29
4 4 4 37 -107 1 1 3 29
4 4 4 38 -110 1 1 3 29
4 4 4 39 -113 1 1 3 29
4 4 4 40 -116 1 1 3 39
4 4 4 41 -119 1 1 3 39
4 4 4 42 -122 1 1 3 39
4 4 4 43 -125 1 1 3 39
4 4 4 44 -128 1 1 3 51
4 4 4 45 -131 1 1 3 51
4 4 4 46 -134 1 1 3 51
4 4 4 47 -137 1 1 3 51
4 4 4 48 -140 1 1 3 65
4 4 4 49 -143 1 1 3 65
4 4 4 50 -146 1 1 3 65
4 4 4 51 -149 1 1 3 65
4 4 4 52 -152 1 1 3 81
4 4 4 53 -155 1 1 3 81
4 4 4 54 -158 1 1 3 81
4 4 4 55 -161 1 1 3 81
4 4 4 56 -164 1 1 3 100
4 4 4 57 -167 1 1 3 100
4 4 4 58 -170 1 1 3 100
4 4 4 59 -173 1 1 3 100
4 4 4 60 -176 1 1 3 121
4 4 4 61 -179 1 1 3 121
4 4 4 62 -182 1 1 3 121
4 4 4 63 -185 1 1 3 121
4 4 4 64 -188 1 1 3 145
4 4 5 20 -56 1 1 3 4
4 4 5 21 -59 1 1 3 6
4 4 5 22 -62 1 1 3 8
4 4 5 23 -65 1 1 3 9
4 4 5 24 -68 1 1 3 10
4 4 5 25 -71 1 1 3 13
4 4 5 26 -74 1 1 3 15
4 4 5 27 -77 1 1 3 17
4 4 5 28 -80 1 1 3 18
4 4 5 29 -83 1 1 3 22
4 4 5 30 -86 1 1 3 25
4 4 5 31 -89 1 1 3 27
4 4 5 32 -92 1 1 3 29
4 4 5 33 -95 1 1 3 34
4 4 5 34 -98 1 1 3 38
4 4 5 35 -101 1 1 3 41
4 4 5 36 -104 1 1 3 43
4 4 5 37 -107 1 1 3 49
4 4 5 38 -110 1 1 3 54
4 4 5 39 -113 1 1 3 58
4 4 5 40 -116 1 1 3 61
4 4 5 41 -119 1 1 3 68
4 4 5 42 -122 1 1 3 74
4 4 5 43 -125 1 1 3 79
4 4 5 44 -128 1 1 3 83
4 4 5 45 -131 1 1 3 91
4 4 5 46 -134 1 1 3 98
4 4 5 47 -137 1 1 3 104
4 4 5 48 -140 1 1 3 109
4 4 5 49 -143 1 1 3 119
4 4 5 50 -146 1 1 3 127
4 4 5 51 -149 1 1 3 134
4 4 5 52 -152 1 1 3 140
4 4 5 53 -155 1 1 3 151
4 4 5 54 -158 1 1 3 161
4 4 5 55 -161 1 1 3 169
4 4 5 56 -164 1 1 3 176
4 4 5 57 -167 1 1 3 189
4 4 5 58 -170 1 1 3 200
4 4 5 59 -173 1 1 3 210
4 4 5 60 -176 1 1 3 218
4 4 5 61 -179 1 1 3 232
4 4 5 62 -182 1 1 3 245
4 4 5 63 -185 1 1 3 256
4 4 5 64 -188 1 1 3 266
4 4 6 20 -32 1 2 2 3
4 4 6 21 -59 1 2 2 3
4 4 6 22 -62 1 1 3 6
4 4 6 23 -65 1 1 3 6
4 4 6 24 -68 1 1 3 8
4 4 6 25 -71 1 1 3 8
4 4 6 26 -74 1 1 3 12
4 4 6 27 -77 1 1 3 12
4 4 6 28 -80 1 1 3 15
4 4 6 29 -83 1 1 3 15
4 4 6 30 -86 1 1 3 20
4 4 6 31 -89 1 1 3 20
4 4 6 32 -92 1 1 3 24
4 4 6 33 -95 1 1 3 24
4 4 6 34 -98 1 1 3 31
4 4 6 35 -101 1 1 3 31
4 4 6 36 -104 1 1 3 36
4 4 6 37 -107 1 1 3 36
4 4 6 38 -110 1 1 3 44
4 4 6 39 -113 1 1 3 44
4 4 6 40 -116 1 1 3 51
4 4 6 41 -119 1 1 3 51
4 4 6 42 -122 1 1 3 61
4 4 6 43 -125 1 1 3 61
4 4 6 44 -128 1 1 3 69
4 4 6 45 -131 1 1 3 69
4 4 6 46 -134 1 1 3 81
4 4 6 47 -137 1 1 3 81
4 4 6 48 -140 1 1 3 91
4 4 6 49 -143 1 1 3 91
4 4 6 50 -146 1 1 3 105
4 4 6 51 -149 1 1 3 105
4 4 6 52 -152 1 1 3 117
4 4 6 53 -155 1 1 3 117
4 4 6 54 -158 1 1 3 133
4 4 6 55 -161 1 1 3 133
4 4 6 56 -164 1 1 3 147
4 4 6 57 -167 1 1 3 147
4 4 6 58 -170 1 1 3 166
4 4 6 59 -173 1 1 3 166
4 4 6 60 -176 1 1 3 182
4 4 6 61 -179 1 1 3 182
4 4 6 62 -182 1 1 3 203
4 4 6 63 -185 1 1 3 203
4 4 6 64 -188 1 1 3 222
4 4 7 20 -40 2 2 1 2
4 4 7 21 -59 1 3 1 2
4 4 7 22 -62 1 2 2 3
4 4 7 23 -65 1 2 2 5
4 4 7 24 -68 1 2 2 5
4 4 7 25 -71 1 1 3 6
4 4 7 26 -74 1 1 3 8
4 4 7 27 -77 1 1 3 11
4 4 7 28 -80 1 1 3 11
4 4 7 29 -83 1 1 3 12
4 4 7 30 -86 1 1 3 14
4 4 7 31 -89 1 1 3 17
4 4 7 32 -92 1 1 3 18
4 4 7 33 -95 1 1 3 20
4 4 7 34 -98 1 1 3 23
4 4 7 35 -101 1 1 3 27
4 4 7 36 -104 1 1 3 28
4 4 7 37 -107 1 1 3 30
4 4 7 38 -110 1 1 3 33
4 4 7 39 -113 1 1 3 38
4 4 7 40 -116 1 1 3 40
4 4 7 41 -119 1 1 3 43
4 4 7 42 -122 1 1 3 47
4 4 7 43 -125 1 1 3 53
4 4 7 44 -128 1 1 3 55
4 4 7 45 -131 1 1 3 58
4 4 7 46 -134 1 1 3 63
4 4 7 47 -137 1 1 3 70
4 4 7 48 -140 1 1 3 73
4 4 7 49 -143 1 1 3 77
4 4 7 50 -146 1 1 3 83
4 4 7 51 -149 1 1 3 91
4 4 7 52 -152 1 1 3 94
4 4 7 53 -155 1 1 3 99
4 4 7 54 -158 1 1 3 106
4 4 7 55 -161 1 1 3 115
4 4 7 56 -164 1 1 3 119
4 4 7 57 -167 1 1 3 125
4 4 7 58 -170 1 1 3 133
4 4 7 59 -173 1 1 3 143
4 4 7 60 -176 1 1 3 148
4 4 7 61 -179 1 1 3 155
4 4 7 62 -182 1 1 3 164
4 4 7 63 -185 1 1 3 175
4 4 7 64 -188 1 1 3 181
4 4 8 20 8 2 2 1 2
4 4 8 21 -59 1 3 1 2
4 4 8 22 -62 1 3 1 2
4 4 8 23 -65 1 3 1 2
4 4 8 24 -20 2 2 1 5
4 4 8 25 -71 1 2 2 5
4 4 8 26 -74 1 2 2 5
4 4 8 27 -77 1 2 2 5
4 4 8 28 -80 1 1 3 11
4 4 8 29 -83 1 1 3 11
4 4 8 30 -86 1 1 3 11
4 4 8 31 -89 1 1 3 11
4 4 8 32 -92 1 1 3 17
4 4 8 33 -95 1 1 3 17
4 4 8 34 -98 1 1 3 17
4 4 8 35 -101 1 1 3 17
4 4 8 36 -104 1 1 3 27
4 4 8 37 -107 1 1 3 27
4 4 8 38 -110 1 1 3 27
4 4 8 39 -113 1 1 3 27
4 4 8 40 -116 1 1 3 37
4 4 8 41 -119 1 1 3 37
4 4 8 42 -122 1 1 3 37
4 4 8 43 -125 1 1 3 37
4 4 8 44 -128 1 1 3 52
4 4 8 45 -131 1 1 3 52
4 4 8 46 -134 1 1 3 52
4 4 8 47 -137 1 1 3 52
4 4 8 48 -140 1 1 3 67
4 4 8 49 -143 1 1 3 67
4 4 8 50 -146 1 1 3 67
4 4 8 51 -149 1 1 3 67
4 4 8 52 -152 1 1 3 88
4 4 8 53 -155 1 1 3 88
4 4 8 54 -158 1 1 3 88
4 4 8 55 -161 1 1 3 88
4 4 8 56 -164 1 1 3 109
4 4 8 57 -167 1 1 3 109
4 4 8 58 -170 1 1 3 109
4 4 8 59 -173 1 1 3 109
4 4 8 60 -176 1 1 3 137
4 4 8 61 -179 1 1 3 137
4 4 8 62 -182 1 1 3 137
4 4 8 63 -185 1 1 3 137
4 4 8 64 -188 1 1 3 165
4 4 10 20 -9223372036854775808 1 1 3 0
4 4 10 21 -9223372036854775808 1 1 3 0
4 4 10 22 -62 1 3 1 2
4 4 10 23 -65 1 3 1 2
4 4 10 24 -68 1 3 1 2
4 4 10 25 -71 1 3 1 2
4 4 10 26 -74 1 3 1 4
4 4 10 27 -77 1 3 1 4
4 4 10 28 -80 1 2 2 5
4 4 10 29 -83 1 2 2 5
4 4 10 30 -86 1 2 2 8
4 4 10 31 -89 1 2 2 8
4 4 10 32 -92 1 2 2 10
4 4 10 33 -95 1 2 2 10
4 4 10 34 -98 1 1 3 14
4 4 10 35 -101 1 1 3 14
4 4 10 36 -104 1 1 3 16
4 4 10 37 -107 1 1 3 16
4 4 10 38 -110 1 1 3 21
4 4 10 39 -113 1 1 3 21
4 4 10 40 -116 1 1 3 24
4 4 10 41 -119 1 1 3 24
4 4 10 42 -122 1 1 3 30
4 4 10 43 -125 1 1 3 30
4 4 10 44 -128 1 1 3 34
4 4 10 45 -131 1 1 3 34
4 4 10 46 -134 1 1 3 41
4 4 10 47 -137 1 1 3 41
4 4 10 48 -140 1 1 3 46
4 4 10 49 -143 1 1 3 46
4 4 10 50 -146 1 1 3 54
4 4 10 51 -149 1 1 3 54
4 4 10 52 -152 1 1 3 60
4 4 10 53 -155 1 1 3 60
4 4 10 54 -158 1 1 3 70
4 4 10 55 -161 1 1 3 70
4 4 10 56 -164 1 1 3 77
4 4 10 57 -167 1 1 3 77
4 4 10 58 -170 1 1 3 88
4 4 10 59 -173 1 1 3 88
4 4 10 60 -176 1 1 3 96
4 4 10 61 -179 1 1 3 96
4 4 10 62 -182 1 1 3 109
4 4 10 63 -185 1 1 3 109
4 4 10 64 -188 1 1 3 119
4 4 12 20 -9223372036854775808 1 1 3 0
4 4 12 21 -9223372036854775808 1 1 3 0
4 4 12 22 -9223372036854775808 1 1 3 0
4 4 12 23 -9223372036854775808 1 1 3 0
4 4 12 24 -20 2 2 1 2
4 4 12 25 -69 1 3 1 2
4 4 12 26 -74 1 3 1 2
4 4 12 27 -77 1 3 1 2
4 4 12 28 -80 1 3 1 4
4 4 12 29 -83 1 3 1 4
4 4 12 30 -86 1 3 1 4
4 4 12 31 -89 1 3 1 4
4 4 12 32 -92 1 2 2 8
4 4 12 33 -95 1 2 2 8
4 4 12 34 -98 1 2 2 8
4 4 12 35 -101 1 2 2 8
4 4 12 36 -104 1 2 2 13
4 4 12 37 -107 1 2 2 13
4 4 12 38 -110 1 2 2 13
4 4 12 39 -113 1 2 2 13
4 4 12 40 -116 1 1 3 20
4 4 12 41 -119 1 1 3 20
4 4 12 42 -122 1 1 3 20
4 4 12 43 -125 1 1 3 20
4 4 12 44 -128 1 1 3 28
4 4 12 45 -131 1 1 3 28
4 4 12 46 -134 1 1 3 28
4 4 12 47 -137 1 1 3 28
4 4 12 48 -140 1 1 3 38
4 4 12 49 -143 1 1 3 38
4 4 12 50 -146 1 1 3 38
4 4 12 51 -149 1 1 3 38
4 4 12 52 -152 1 1 3 50
4 4 12 53 -155 1 1 3 50
4 4 12 54 -158 1 1 3 50
4 4 12 55 -161 1 1 3 50
4 4 12 56 -164 1 1 3 64
4 4 12 57 -167 1 1 3 64
4 4 12 58 -170 1 1 3 64
4 4 12 59 -173 1 1 3 64
4 4 12 60 -176 1 1 3 80
4 4 12 61 -179 1 1 3 80
4 4 12 62 -182 1 1 3 80
4 4 12 63 -185 1 1 3 80
4 4 12 64 -188 1 1 3 99
4 4 16 20 -9223372036854775808 1 1 3 0
4 4 16 21 -9223372036854775808 1 1 3 0
4 4 16 22 -9223372036854775808 1 1 3 0
4 4 16 23 -9223372036854775808 1 1 3 0
4 4 16 24 -9223372036854775808 1 1 3 0
4 4 16 25 -9223372036854775808 1 1 3 0
4 4 16 26 -9223372036854775808 1 1 3 0
4 4 16 27 -9223372036854775808 1 1 3 0
4 4 16 28 -80 1 3 1 2
4 4 16 29 -83 1 3 1 2
4 4 16 30 -86 1 3 1 2
4 4 16 31 -89 1 3 1 2
4 4 16 32 -84 1 3 1 4
4 4 16 33 -93 1 3 1 4
4 4 16 34 -98 1 3 1 4
4 4 16 35 -101 1 3 1 4
4 4 16 36 -104 1 3 1 7
4 4 16 37 -107 1 3 1 7
4 4 16 38 -110 1 3 1 7
4 4 16 39 -113 1 3 1 7
4 4 16 40 -116 1 2 2 11
4 4 16 41 -119 1 2 2 11
4 4 16 42 -122 1 2 2 11
4 4 16 43 -125 1 2 2 11
4 4 16 44 -128 1 2 2 17
4 4 16 45 -131 1 2 2 17
4 4 16 46 -134 1 2 2 17
4 4 16 47 -137 1 2 2 17
4 4 16 48 -140 1 2 2 23
4 4 16 49 -143 1 2 2 23
4 4 16 50 -146 1 2 2 23
4 4 16 51 -149 1 2 2 23
4 4 16 52 -152 1 1 3 32
4 4 16 53 -155 1 1 3 32
4 4 16 54 -158 1 1 3 32
4 4 16 55 -161 1 1 3 32
4 4 16 56 -164 1 1 3 41
4 4 16 57 -167 1 1 3 41
4 4 16 58 -170 1 1 3 41
4 4 16 59 -173 1 1 3 41
4 4 16 60 -176 1 1 3 53
4 4 16 61 -179 1 1 3 53
4 4 16 62 -182 1 1 3 53
4 4 16 63 -185 1 1 3 53
4 4 16 64 -188 1 1 3 65
4 4 20 24 -9223372036854775808 1 1 3 0
4 4 20 25 -9223372036854775808 1 1 3 0
4 4 20 26 -9223372036854775808 1 1 3 0
4 4 20 27 -9223372036854775808 1 1 3 0
4 4 20 28 -9223372036854775808 1 1 3 0
4 4 20 29 -9223372036854775808 1 1 3 0
4 4 20 30 -9223372036854775808 1 1 3 0
4 4 20 31 -9223372036854775808 1 1 3 0
4 4 20 32 -92 1 3 1 2
4 4 20 33 -95 1 3 1 2
4 4 20 34 -98 1 3 1 2
4 4 20 35 -101 1 3 1 2
4 4 20 36 -104 1 3 1 4
4 4 20 37 -107 1 3 1 4
4 4 20 38 -110 1 3 1 4
4 4 20 39 -113 1 3 1 4
4 4 20 40 -108 1 3 1 7
4 4 20 41 -117 1 3 1 7
4 4 20 42 -122 1 3 1 7
4 4 20 43 -125 1 3 1 7
4 4 20 44 -128 1 3 1 10
4 4 20 45 -131 1 3 1 10
4 4 20 46 -134 1 3 1 10
4 4 20 47 -137 1 3 1 10
4 4 20 48 -140 1 2 2 15
4 4 20 49 -143 1 2 2 15
4 4 20 50 -146 1 2 2 15
4 4 20 51 -149 1 2 2 15
4 4 20 52 -152 1 2 2 21
4 4 20 53 -155 1 2 2 21
4 4 20 54 -158 1 2 2 21
4 4 20 55 -161 1 2 2 21
4 4 20 56 -164 1 2 2 28
4 4 20 57 -167 1 2 2 28
4 4 20 58 -170 1 2 2 28
4 4 20 59 -173 1 2 2 28
4 4 20 60 -176 1 2 2 36
4 4 20 61 -179 1 2 2 36
4 4 20 62 -182 1 2 2 36
4 4 20 63 -185 1 2 2 36
4 4 20 64 -188 1 1 3 46
4 4 24 28 -9223372036854775808 1 1 3 0
4 4 24 29 -9223372036854775808 1 1 3 0
4 4 24 30 -9223372036854775808 1 1 3 0
4 4 24 31 -9223372036854775808 1 1 3 0
4 4 24 32 -9223372036854775808 1 1 3 0
4 4 24 33 -9223372036854775808 1 1 3 0
4 4 24 34 -9223372036854775808 1 1 3 0
4 4 24 35 -9223372036854775808 1 1 3 0
4 4 24 36 -104 1 3 1 2
4 4 24 37 -107 1 3 1 2
4 4 24 38 -110 1 3 1 2
4 4 24 39 -113 1 3 1 2
4 4 24 40 -116 1 3 1 4
4 4 24 41 -119 1 3 1 4
4 4 24 42 -122 1 3 1 4
4 4 24 43 -125 1 3 1 4
4 4 24 44 -128 1 3 1 7
4 4 24 45 -131 1 3 1 7
4 4 24 46 -134 1 3 1 7
4 4 24 47 -137 1 3 1 7
4 4 24 48 -132 1 3 1 10
4 4 24 49 -141 1 3 1 10
4 4 24 50 -146 1 3 1 10
4 4 24 51 -149 1 3 1 10
4 4 24 52 -152 1 3 1 14
4 4 24 53 -155 1 3 1 14
4 4 24 54 -158 1 3 1 14
4 4 24 55 -161 1 3 1 14
4 4 24 56 -164 1 2 2 19
4 4 24 57 -167 1 2 2 19
4 4 24 58 -170 1 2 2 19
4 4 24 59 -173 1 2 2 19
4 4 24 60 -176 1 2 2 26
4 4 24 61 -179 1 2 2 26
4 4 24 62 -182 1 2 2 26
4 4 24 63 -185 1 2 2 26
4 4 24 64 -188 1 2 2 33
4 5 5 20 -40 1 1 3 4
4 5 5 21 -59 1 1 3 4
4 5 5 22 -62 1 1 3 5
4 5 5 23 -65 1 1 3 6
4 5 5 24 -68 1 1 3 8
4 5 5 25 -71 1 1 3 10
4 5 5 26 -74 1 1 3 11
4 5 5 27 -77 1 1 3 12
4 5 5 28 -80 1 1 3 14
4 5 5 29 -83 1 1 3 16
4 5 5 30 -86 1 1 3 20
4 5 5 31 -89 1 1 3 21
4 5 5 32 -92 1 1 3 23
4 5 5 33 -95 1 1 3 25
4 5 5 34 -98 1 1 3 29
4 5 5 35 -101 1 1 3 33
4 5 5 36 -104 1 1 3 35
4 5 5 37 -107 1 1 3 37
4 5 5 38 -110 1 1 3 41
4 5 5 39 -113 1 1 3 45
4 5 5 40 -116 1 1 3 51
4 5 5 41 -119 1 1 3 53
4 5 5 42 -122 1 1 3 57
4 5 5 43 -125 1 1 3 61
4 5 5 44 -128 1 1 3 67
4 5 5 45 -131 1 1 3 73
4 5 5 46 -134 1 1 3 77
4 5 5 47 -137 1 1 3 81
4 5 5 48 -140 1 1 3 87
4 5 5 49 -143 1 1 3 93
4 5 5 50 -146 1 1 3 102
4 5 5 51 -149 1 1 3 106
4 5 5 52 -152 1 1 3 112
4 5 5 53 -155 1 1 3 118
4 5 5 54 -158 1 1 3 127
4 5 5 55 -161 1 1 3 136
4 5 5 56 -164 1 1 3 142
4 5 5 57 -167 1 1 3 148
4 5 5 58 -170 1 1 3 157
4 5 5 59 -173 1 1 3 166
4 5 5 60 -176 1 1 3 178
4 5 5 61 -179 1 1 3 184
4 5 5 62 -182 1 1 3 193
4 5 5 63 -185 1 1 3 202
4 5 5 64 -188 1 1 3 214
4 5 6 20 -56 2 2 1 2
4 5 6 21 -59 1 3 1 4
4 5 6 22 -62 1 2 2 5
4 5 6 23 -65 1 1 3 7
4 5 6 24 -68 1 1 3 8
4 5 6 25 -71 1 1 3 10
4 5 6 26 -74 1 1 3 12
4 5 6 27 -77 1 1 3 15
4 5 6 28 -80 1 1 3 17
4 5 6 29 -83 1 1 3 20
4 5 6 30 -86 1 1 3 22
4 5 6 31 -89 1 1 3 26
4 5 6 32 -92 1 1 3 29
4 5 6 33 -95 1 1 3 33
4 5 6 34 -98 1 1 3 36
4 5 6 35 -101 1 1 3 41
4 5 6 36 -104 1 1 3 45
4 5 6 37 -107 1 1 3 50
4 5 6 38 -110 1 1 3 54
4 5 6 39 -113 1 1 3 60
4 5 6 40 -116 1 1 3 65
4 5 6 41 -119 1 1 3 72
4 5 6 42 -122 1 1 3 77
4 5 6 43 -125 1 1 3 84
4 5 6 44 -128 1 1 3 90
4 5 6 45 -131 1 1 3 98
4 5 6 46 -134 1 1 3 105
4 5 6 47 -137 1 1 3 114
4 5 6 48 -140 1 1 3 121
4 5 6 49 -143 1 1 3 130
4 5 6 50 -146 1 1 3 138
4 5 6 51 -149 1 1 3 149
4 5 6 52 -152 1 1 3 158
4 5 6 53 -155 1 1 3 169
4 5 6 54 -158 1 1 3 178
4 5 6 55 -161 1 1 3 190
4 5 6 56 -164 1 1 3 201
4 5 6 57 -167 1 1 3 214
4 5 6 58 -170 1 1 3 225
4 5 6 59 -173 1 1 3 239
4 5 6 60 -176 1 1 3 251
4 5 6 61 -179 1 1 3 266
4 5 6 62 -182 1 1 3 279
4 5 6 63 -185 1 1 3 295
4 5 6 64 -188 1 1 3 309
4 5 7 20 -56 3 1 1 1
4 5 7 21 -59 2 2 1 2
4 5 7 22 -62 1 3 1 3
4 5 7 23 -65 1 3 1 4
4 5 7 24 -68 1 2 2 6
4 5 7 25 -71 1 2 2 7
4 5 7 26 -74 1 1 3 9
4 5 7 27 -77 1 1 3 11
4 5 7 28 -80 1 1 3 13
4 5 7 29 -83 1 1 3 15
4 5 7 30 -86 1 1 3 17
4 5 7 31 -89 1 1 3 20
4 5 7 32 -92 1 1 3 23
4 5 7 33 -95 1 1 3 26
4 5 7 34 -98 1 1 3 29
4 5 7 35 -101 1 1 3 32
4 5 7 36 -104 1 1 3 36
4 5 7 37 -107 1 1 3 40
4 5 7 38 -110 1 1 3 44
4 5 7 39 -113 1 1 3 48
4 5 7 40 -116 1 1 3 53
4 5 7 41 -119 1 1 3 58
4 5 7 42 -122 1 1 3 63
4 5 7 43 -125 1 1 3 68
4 5 7 44 -128 1 1 3 74
4 5 7 45 -131 1 1 3 80
4 5 7 46 -134 1 1 3 86
4 5 7 47 -137 1 1 3 93
4 5 7 48 -140 1 1 3 100
4 5 7 49 -143 1 1 3 107
4 5 7 50 -146 1 1 3 114
4 5 7 51 -149 1 1 3 122
4 5 7 52 -152 1 1 3 131
4 5 7 53 -155 1 1 3 139
4 5 7 54 -158 1 1 3 148
4 5 7 55 -161 1 1 3 157
4 5 7 56 -164 1 1 3 167
4 5 7 57 -167 1 1 3 177
4 5 7 58 -170 1 1 3 187
4 5 7 59 -173 1 1 3 198
4 5 7 60 -176 1 1 3 209
4 5 7 61 -179 1 1 3 221
4 5 7 62 -182 1 1 3 233
4 5 7 63 -185 1 1 3 245
4 5 7 64 -188 1 1 3 258
4 5 8 20 -9223372036854775808 1 1 3 0
4 5 8 21 -59 3 1 1 1
4 5 8 22 -62 2 2 1 2
4 5 8 23 -65 1 3 1 3
4 5 8 24 -68 1 3 1 3
4 5 8 25 -71 1 3 1 5
4 5 8 26 -74 1 2 2 7
4 5 8 27 -77 1 2 2 8
4 5 8 28 -80 1 2 2 9
4 5 8 29 -83 1 1 3 12
4 5 8 30 -86 1 1 3 14
4 5 8 31 -89 1 1 3 16
4 5 8 32 -92 1 1 3 17
4 5 8 33 -95 1 1 3 21
4 5 8 34 -98 1 1 3 24
4 5 8 35 -101 1 1 3 26
4 5 8 36 -104 1 1 3 28
4 5 8 37 -107 1 1 3 33
4 5 8 38 -110 1 1 3 37
4 5 8 39 -113 1 1 3 40
4 5 8 40 -116 1 1 3 42
4 5 8 41 -119 1 1 3 48
4 5 8 42 -122 1 1 3 53
4 5 8 43 -125 1 1 3 57
4 5 8 44 -128 1 1 3 60
4 5 8 45 -131 1 1 3 67
4 5 8 46 -134 1 1 3 73
4 5 8 47 -137 1 1 3 78
4 5 8 48 -140 1 1 3 82
4 5 8 49 -143 1 1 3 90
4 5 8 50 -146 1 1 3 97
4 5 8 51 -149 1 1 3 103
4 5 8 52 -152 1 1 3 108
4 5 8 53 -155 1 1 3 118
4 5 8 54 -158 1 1 3 126
4 5 8 55 -161 1 1 3 133
4 5 8 56 -164 1 1 3 139
4 5 8 57 -167 1 1 3 150
4 5 8 58 -170 1 1 3 160
4 5 8 59 -173 1 1 3 168
4 5 8 60 -176 1 1 3 175
4 5 8 61 -179 1 1 3 188
4 5 8 62 -182 1 1 3 199
4 5 8 63 -185 1 1 3 209
4 5 8 64 -188 1 1 3 217
4 5 10 20 -9223372036854775808 1 1 3 0
4 5 10 21 -9223372036854775808 1 1 3 0
4 5 10 22 -9223372036854775808 1 1 3 0
4 5 10 23 -65 3 1 1 1
4 5 10 24 -68 2 2 1 2
4 5 10 25 -71 1 3 1 3
4 5 10 26 -74 1 3 1 3
4 5 10 27 -77 1 3 1 4
4 5 10 28 -80 1 3 1 5
4 5 10 29 -83 1 3 1 7
4 5 10 30 -86 1 2 2 9
4 5 10 31 -89 1 2 2 10
4 5 10 32 -92 1 2 2 11
4 5 10 33 -95 1 2 2 13
4 5 10 34 -98 1 2 2 15
4 5 10 35 -101 1 1 3 19
4 5 10 36 -104 1 1 3 20
4 5 10 37 -107 1 1 3 22
4 5 10 38 -110 1 1 3 24
4 5 10 39 -113 1 1 3 28
4 5 10 40 -116 1 1 3 32
4 5 10 41 -119 1 1 3 34
4 5 10 42 -122 1 1 3 36
4 5 10 43 -125 1 1 3 40
4 5 10 44 -128 1 1 3 44
4 5 10 45 -131 1 1 3 50
4 5 10 46 -134 1 1 3 52
4 5 10 47 -137 1 1 3 56
4 5 10 48 -140 1 1 3 60
4 5 10 49 -143 1 1 3 66
4 5 10 50 -146 1 1 3 72
4 5 10 51 -149 1 1 3 76
4 5 10 52 -152 1 1 3 80
4 5 10 53 -155 1 1 3 86
4 5 10 54 -158 1 1 3 92
4 5 10 55 -161 1 1 3 101
4 5 10 56 -164 1 1 3 105
4 5 10 57 -167 1 1 3 111
4 5 10 58 -170 1 1 3 117
4 5 10 59 -173 1 1 3 126
4 5 10 60 -176 1 1 3 135
4 5 10 61 -179 1 1 3 141
4 5 10 62 -182 1 1 3 147
4 5 10 63 -185 1 1 3 156
4 5 10 64 -188 1 1 3 165
4 5 12 20 -9223372036854775808 1 1 3 0
4 5 12 21 -9223372036854775808 1 1 3 0
4 5 12 22 -9223372036854775808 1 1 3 0
4 5 12 23 -9223372036854775808 1 1 3 0
4 5 12 24 -9223372036854775808 1 1 3 0
4 5 12 25 -69 3 1 1 1
4 5 12 26 -74 2 2 1 2
4 5 12 27 -77 1 3 1 3
4 5 12 28 -80 1 3 1 3
4 5 12 29 -83 1 3 1 4
4 5 12 30 -86 1 3 1 5
4 5 12 31 -89 1 3 1 6
4 5 12 32 -92 1 3 1 7
4 5 12 33 -95 1 3 1 9
4 5 12 34 -98 1 2 2 11
4 5 12 35 -101 1 2 2 12
4 5 12 36 -104 1 2 2 13
4 5 12 37 -107 1 2 2 16
4 5 12 38 -110 1 2 2 18
4 5 12 39 -113 1 2 2 20
4 5 12 40 -116 1 2 2 21
4 5 12 41 -119 1 1 3 25
4 5 12 42 -122 1 1 3 28
4 5 12 43 -125 1 1 3 30
4 5 12 44 -128 1 1 3 32
4 5 12 45 -131 1 1 3 36
4 5 12 46 -134 1 1 3 40
4 5 12 47 -137 1 1 3 43
4 5 12 48 -140 1 1 3 45
4 5 12 49 -143 1 1 3 50
4 5 12 50 -146 1 1 3 54
4 5 12 51 -149 1 1 3 58
4 5 12 52 -152 1 1 3 61
4 5 12 53 -155 1 1 3 67
4 5 12 54 -158 1 1 3 72
4 5 12 55 -161 1 1 3 76
4 5 12 56 -164 1 1 3 80
4 5 12 57 -167 1 1 3 87
4 5 12 58 -170 1 1 3 93
4 5 12 59 -173 1 1 3 98
4 5 12 60 -176 1 1 3 102
4 5 12 61 -179 1 1 3 110
4 5 12 62 -182 1 1 3 117
4 5 12 63 -185 1 1 3 123
4 5 12 64 -188 1 1 3 128
4 5 16 21 -9223372036854775808 1 1 3 0
4 5 16 22 -9223372036854775808 1 1 3 0
4 5 16 23 -9223372036854775808 1 1 3 0
4 5 16 24 -9223372036854775808 1 1 3 0
4 5 16 25 -9223372036854775808 1 1 3 0
4 5 16 26 -9223372036854775808 1 1 3 0
4 5 16 27 -9223372036854775808 1 1 3 0
4 5 16 28 -9223372036854775808 1 1 3 0
4 5 16 29 -83 3 1 1 1
4 5 16 30 -86 2 2 1 2
4 5 16 31 -89 1 3 1 3
4 5 16 32 -84 1 3 1 3
4 5 16 33 -93 1 3 1 4
4 5 16 34 -98 1 3 1 5
4 5 16 35 -101 1 3 1 6
4 5 16 36 -104 1 3 1 7
4 5 16 37 -107 1 3 1 8
4 5 16 38 -110 1 3 1 9
4 5 16 39 -113 1 3 1 10
4 5 16 40 -116 1 3 1 11
4 5 16 41 -119 1 3 1 14
4 5 16 42 -122 1 2 2 16
4 5 16 43 -125 1 2 2 17
4 5 16 44 -128 1 2 2 18
4 5 16 45 -131 1 2 2 21
4 5 16 46 -134 1 2 2 24
4 5 16 47 -137 1 2 2 26
4 5 16 48 -140 1 2 2 27
4 5 16 49 -143 1 2 2 30
4 5 16 50 -146 1 2 2 33
4 5 16 51 -149 1 2 2 36
4 5 16 52 -152 1 2 2 38
4 5 16 53 -155 1 1 3 42
4 5 16 54 -158 1 1 3 45
4 5 16 55 -161 1 1 3 48
4 5 16 56 -164 1 1 3 51
4 5 16 57 -167 1 1 3 56
4 5 16 58 -170 1 1 3 60
4 5 16 59 -173 1 1 3 63
4 5 16 60 -176 1 1 3 66
4 5 16 61 -179 1 1 3 72
4 5 16 62 -182 1 1 3 77
4 5 16 63 -185 1 1 3 81
4 5 16 64 -188 1 1 3 84
4 5 20 25 -9223372036854775808 1 1 3 0
4 5 20 26 -9223372036854775808 1 1 3 0
4 5 20 27 -9223372036854775808 1 1 3 0
4 5 20 28 -9223372036854775808 1 1 3 0
4 5 20 29 -9223372036854775808 1 1 3 0
4 5 20 30 -9223372036854775808 1 1 3 0
4 5 20 31 -9223372036854775808 1 1 3 0
4 5 20 32 -9223372036854775808 1 1 3 0
4 5 20 33 -95 3 1 1 1
4 5 20 34 -98 2 2 1 2
4 5 20 35 -101 1 3 1 3
4 5 20 36 -104 1 3 1 3
4 5 20 37 -107 1 3 1 4
4 5 20 38 -110 1 3 1 5
4 5 20 39 -113 1 3 1 6
4 5 20 40 -108 1 3 1 7
4 5 20 41 -117 1 3 1 8
4 5 20 42 -122 1 3 1 9
4 5 20 43 -125 1 3 1 10
4 5 20 44 -128 1 3 1 11
4 5 20 45 -131 1 3 1 13
4 5 20 46 -134 1 3 1 14
4 5 20 47 -137 1 3 1 15
4 5 20 48 -140 1 3 1 16
4 5 20 49 -143 1 3 1 19
4 5 20 50 -146 1 2 2 22
4 5 20 51 -149 1 2 2 23
4 5 20 52 -152 1 2 2 24
4 5 20 53 -155 1 2 2 27
4 5 20 54 -158 1 2 2 30
4 5 20 55 -161 1 2 2 33
4 5 20 56 -164 1 2 2 34
4 5 20 57 -167 1 2 2 37
4 5 20 58 -170 1 2 2 40
4 5 20 59 -173 1 2 2 43
4 5 20 60 -176 1 2 2 46
4 5 20 61 -179 1 2 2 49
4 5 20 62 -182 1 2 2 52
4 5 20 63 -185 1 2 2 55
4 5 20 64 -188 1 2 2 58
4 5 24 29 -9223372036854775808 1 2 2 0
4 5 24 30 -9223372036854775808 1 2 2 0
4 5 24 31 -9223372036854775808 1 2 2 0
4 5 24 32 -9223372036854775808 1 2 2 0
4 5 24 33 -9223372036854775808 1 2 2 0
4 5 24 34 -9223372036854775808 1 2 2 0
4 5 24 35 -9223372036854775808 1 2 2 0
4 5 24 36 -9223372036854775808 1 2 2 0
4 5 24 37 -107 3 1 1 1
4 5 24 38 -110 2 2 1 2
4 5 24 39 -113 1 3 1 3
4 5 24 40 -116 1 3 1 3
4 5 24 41 -119 1 3 1 4
4 5 24 42 -122 1 3 1 5
4 5 24 43 -125 1 3 1 6
4 5 24 44 -128 1 3 1 7
4 5 24 45 -131 1 3 1 8
4 5 24 46 -134 1 3 1 9
4 5 24 47 -137 1 3 1 10
4 5 24 48 -132 1 3 1 11
4 5 24 49 -141 1 3 1 13
4 5 24 50 -146 1 3 1 14
4 5 24 51 -149 1 3 1 15
4 5 24 52 -152 1 3 1 16
4 5 24 53 -155 1 3 1 18
4 5 24 54 -158 1 3 1 20
4 5 24 55 -161 1 3 1 21
4 5 24 56 -164 1 3 1 22
4 5 24 57 -167 1 3 1 25
4 5 24 58 -170 1 2 2 28
4 5 24 59 -173 1 2 2 30
4 5 24 60 -176 1 2 2 31
4 5 24 61 -179 1 2 2 34
4 5 24 62 -182 1 2 2 37
4 5 24 63 -185 1 2 2 40
4 5 24 64 -188 1 2 2 42
4 6 6 20 -56 3 1 1 1
4 6 6 21 -59 3 1 1 1
4 6 6 22 -62 2 1 2 2
4 6 6 23 -65 2 1 2 2
4 6 6 24 -60 1 1 3 5
4 6 6 25 -71 1 1 3 5
4 6 6 26 -74 1 1 3 6
4 6 6 27 -77 1 1 3 6
4 6 6 28 -80 1 1 3 9
4 6 6 29 -83 1 1 3 9
4 6 6 30 -86 1 1 3 12
4 6 6 31 -89 1 1 3 12
4 6 6 32 -92 1 1 3 15
4 6 6 33 -95 1 1 3 15
4 6 6 34 -98 1 1 3 18
4 6 6 35 -101 1 1 3 18
4 6 6 36 -104 1 1 3 24
4 6 6 37 -107 1 1 3 24
4 6 6 38 -110 1 1 3 27
4 6 6 39 -113 1 1 3 27
4 6 6 40 -116 1 1 3 33
4 6 6 41 -119 1 1 3 33
4 6 6 42 -122 1 1 3 39
4 6 6 43 -125 1 1 3 39
4 6 6 44 -128 1 1 3 45
4 6 6 45 -131 1 1 3 45
4 6 6 46 -134 1 1 3 51
4 6 6 47 -137 1 1 3 51
4 6 6 48 -140 1 1 3 61
4 6 6 49 -143 1 1 3 61
4 6 6 50 -146 1 1 3 67
4 6 6 51 -149 1 1 3 67
4 6 6 52 -152 1 1 3 77
4 6 6 53 -155 1 1 3 77
4 6 6 54 -158 1 1 3 87
4 6 6 55 -161 1 1 3 87
4 6 6 56 -164 1 1 3 97
4 6 6 57 -167 1 1 3 97
4 6 6 58 -170 1 1 3 107
4 6 6 59 -173 1 1 3 107
4 6 6 60 -176 1 1 3 122
4 6 6 61 -179 1 1 3 122
4 6 6 62 -182 1 1 3 132
4 6 6 63 -185 1 1 3 132
4 6 6 64 -188 1 1 3 147
4 6 7 20 -9223372036854775808 1 1 3 0
4 6 7 21 -59 3 1 1 1
4 6 7 22 -62 3 1 1 1
4 6 7 23 -65 2 2 1 2
4 6 7 24 -68 2 1 2 3
4 6 7 25 -71 1 3 1 5
4 6 7 26 -74 1 2 2 6
4 6 7 27 -77 1 1 3 8
4 6 7 28 -80 1 1 3 9
4 6 7 29 -83 1 1 3 11
4 6 7 30 -86 1 1 3 12
4 6 7 31 -89 1 1 3 15
4 6 7 32 -92 1 1 3 17
4 6 7 33 -95 1 1 3 20
4 6 7 34 -98 1 1 3 22
4 6 7 35 -101 1 1 3 25
4 6 7 36 -104 1 1 3 27
4 6 7 37 -107 1 1 3 31
4 6 7 38 -110 1 1 3 34
4 6 7 39 -113 1 1 3 38
4 6 7 40 -116 1 1 3 41
4 6 7 41 -119 1 1 3 46
4 6 7 42 -122 1 1 3 49
4 6 7 43 -125 1 1 3 54
4 6 7 44 -128 1 1 3 58
4 6 7 45 -131 1 1 3 64
4 6 7 46 -134 1 1 3 68
4 6 7 47 -137 1 1 3 74
4 6 7 48 -140 1 1 3 79
4 6 7 49 -143 1 1 3 86
4 6 7 50 -146 1 1 3 91
4 6 7 51 -149 1 1 3 98
4 6 7 52 -152 1 1 3 104
4 6 7 53 -155 1 1 3 112
4 6 7 54 -158 1 1 3 118
4 6 7 55 -161 1 1 3 127
4 6 7 56 -164 1 1 3 134
4 6 7 57 -167 1 1 3 143
4 6 7 58 -170 1 1 3 150
4 6 7 59 -173 1 1 3 160
4 6 7 60 -176 1 1 3 168
4 6 7 61 -179 1 1 3 179
4 6 7 62 -182 1 1 3 188
4 6 7 63 -185 1 1 3 199
4 6 7 64 -188 1 1 3 208
4 6 8 20 -9223372036854775808 1 1 3 0
4 6 8 21 -9223372036854775808 1 1 3 0
4 6 8 22 -62 3 1 1 1
4 6 8 23 -65 3 1 1 1
4 6 8 24 -68 2 2 1 2
4 6 8 25 -71 2 2 1 2
4 6 8 26 -74 1 3 1 5
4 6 8 27 -77 1 3 1 5
4 6 8 28 -80 1 2 2 7
4 6 8 29 -83 1 2 2 7
4 6 8 30 -86 1 1 3 11
4 6 8 31 -89 1 1 3 11
4 6 8 32 -92 1 1 3 14
4 6 8 33 -95 1 1 3 14
4 6 8 34 -98 1 1 3 19
4 6 8 35 -101 1 1 3 19
4 6 8 36 -104 1 1 3 23
4 6 8 37 -107 1 1 3 23
4 6 8 38 -110 1 1 3 30
4 6 8 39 -113 1 1 3 30
4 6 8 40 -116 1 1 3 35
4 6 8 41 -119 1 1 3 35
4 6 8 42 -122 1 1 3 43
4 6 8 43 -125 1 1 3 43
4 6 8 44 -128 1 1 3 50
4 6 8 45 -131 1 1 3 50
4 6 8 46 -134 1 1 3 60
4 6 8 47 -137 1 1 3 60
4 6 8 48 -140 1 1 3 68
4 6 8 49 -143 1 1 3 68
4 6 8 50 -146 1 1 3 80
4 6 8 51 -149 1 1 3 80
4 6 8 52 -152 1 1 3 90
4 6 8 53 -155 1 1 3 90
4 6 8 54 -158 1 1 3 104
4 6 8 55 -161 1 1 3 104
4 6 8 56 -164 1 1 3 116
4 6 8 57 -167 1 1 3 116
4 6 8 58 -170 1 1 3 132
4 6 8 59 -173 1 1 3 132
4 6 8 60 -176 1 1 3 146
4 6 8 61 -179 1 1 3 146
4 6 8 62 -182 1 1 3 165
4 6 8 63 -185 1 1 3 165
4 6 8 64 -188 1 1 3 181
4 6 10 20 -9223372036854775808 1 1 3 0
4 6 10 21 -9223372036854775808 1 1 3 0
4 6 10 22 -9223372036854775808 1 1 3 0
4 6 10 23 -9223372036854775808 1 1 3 0
4 6 10 24 -68 3 1 1 1
4 6 10 25 -71 3 1 1 1
4 6 10 26 -74 2 2 1 2
4 6 10 27 -77 2 2 1 2
4 6 10 28 -80 1 3 1 4
4 6 10 29 -83 1 3 1 4
4 6 10 30 -86 1 3 1 6
4 6 10 31 -89 1 3 1 6
4 6 10 32 -92 1 2 2 9
4 6 10 33 -95 1 2 2 9
4 6 10 34 -98 1 2 2 12
4 6 10 35 -101 1 2 2 12
4 6 10 36 -104 1 1 3 16
4 6 10 37 -107 1 1 3 16
4 6 10 38 -110 1 1 3 20
4 6 10 39 -113 1 1 3 20
4 6 10 40 -116 1 1 3 25
4 6 10 41 -119 1 1 3 25
4 6 10 42 -122 1 1 3 30
4 6 10 43 -125 1 1 3 30
4 6 10 44 -128 1 1 3 36
4 6 10 45 -131 1 1 3 36
4 6 10 46 -134 1 1 3 43
4 6 10 47 -137 1 1 3 43
4 6 10 48 -140 1 1 3 50
4 6 10 49 -143 1 1 3 50
4 6 10 50 -146 1 1 3 58
4 6 10 51 -149 1 1 3 58
4 6 10 52 -152 1 1 3 67
4 6 10 53 -155 1 1 3 67
4 6 10 54 -158 1 1 3 76
4 6 10 55 -161 1 1 3 76
4 6 10 56 -164 1 1 3 87
4 6 10 57 -167 1 1 3 87
4 6 10 58 -170 1 1 3 98
4 6 10 59 -173 1 1 3 98
4 6 10 60 -176 1 1 3 110
4 6 10 61 -179 1 1 3 110
4 6 10 62 -182 1 1 3 123
4 6 10 63 -185 1 1 3 123
4 6 10 64 -188 1 1 3 137
4 6 12 20 -9223372036854775808 1 1 3 0
4 6 12 21 -9223372036854775808 1 1 3 0
4 6 12 22 -9223372036854775808 1 1 3 0
4 6 12 23 -9223372036854775808 1 1 3 0
4 6 12 24 -9223372036854775808 1 1 3 0
4 6 12 25 -9223372036854775808 1 1 3 0
4 6 12 26 -74 3 1 1 1
4 6 12 27 -77 3 1 1 1
4 6 12 28 -80 2 2 1 2
4 6 12 29 -83 2 2 1 2
4 6 12 30 -86 1 3 1 4
4 6 12 31 -89 1 3 1 4
4 6 12 32 -92 1 3 1 5
4 6 12 33 -95 1 3 1 5
4 6 12 34 -98 1 3 1 8
4 6 12 35 -101 1 3 1 8
4 6 12 36 -104 1 2 2 11
4 6 12 37 -107 1 2 2 11
4 6 12 38 -110 1 2 2 14
4 6 12 39 -113 1 2 2 14
4 6 12 40 -116 1 2 2 17
4 6 12 41 -119 1 2 2 17
4 6 12 42 -122 1 1 3 23
4 6 12 43 -125 1 1 3 23
4 6 12 44 -128 1 1 3 26
4 6 12 45 -131 1 1 3 26
4 6 12 46 -134 1 1 3 32
4 6 12 47 -137 1 1 3 32
4 6 12 48 -140 1 1 3 38
4 6 12 49 -143 1 1 3 38
4 6 12 50 -146 1 1 3 44
4 6 12 51 -149 1 1 3 44
4 6 12 52 -152 1 1 3 50
4 6 12 53 -155 1 1 3 50
4 6 12 54 -158 1 1 3 60
4 6 12 55 -161 1 1 3 60
4 6 12 56 -164 1 1 3 66
4 6 12 57 -167 1 1 3 66
4 6 12 58 -170 1 1 3 76
4 6 12 59 -173 1 1 3 76
4 6 12 60 -176 1 1 3 86
4 6 12 61 -179 1 1 3 86
4 6 12 62 -182 1 1 3 96
4 6 12 63 -185 1 1 3 96
4 6 12 64 -188 1 1 3 106
4 6 16 22 -9223372036854775808 1 1 3 0
4 6 16 23 -9223372036854775808 1 1 3 0
4 6 16 24 -9223372036854775808 1 1 3 0
4 6 16 25 -9223372036854775808 1 1 3 0
4 6 16 26 -9223372036854775808 1 1 3 0
4 6 16 27 -9223372036854775808 1 1 3 0
4 6 16 28 -9223372036854775808 1 1 3 0
4 6 16 29 -9223372036854775808 1 1 3 0
4 6 16 30 -86 3 1 1 1
4 6 16 31 -89 3 1 1 1
4 6 16 32 -84 2 2 1 2
4 6 16 33 -93 2 2 1 2
4 6 16 34 -98 1 3 1 4
4 6 16 35 -101 1 3 1 4
4 6 16 36 -104 1 3 1 5
4 6 16 37 -107 1 3 1 5
4 6 16 38 -110 1 3 1 7
4 6 16 39 -113 1 3 1 7
4 6 16 40 -116 1 3 1 9
4 6 16 41 -119 1 3 1 9
4 6 16 42 -122 1 3 1 12
4 6 16 43 -125 1 3 1 12
4 6 16 44 -128 1 2 2 15
4 6 16 45 -131 1 2 2 15
4 6 16 46 -134 1 2 2 19
4 6 16 47 -137 1 2 2 19
4 6 16 48 -140 1 2 2 22
4 6 16 49 -143 1 2 2 22
4 6 16 50 -146 1 2 2 27
4 6 16 51 -149 1 2 2 27
4 6 16 52 -152 1 2 2 31
4 6 16 53 -155 1 2 2 31
4 6 16 54 -158 1 1 3 37
4 6 16 55 -161 1 1 3 37
4 6 16 56 -164 1 1 3 42
4 6 16 57 -167 1 1 3 42
4 6 16 58 -170 1 1 3 49
4 6 16 59 -173 1 1 3 49
4 6 16 60 -176 1 1 3 55
4 6 16 61 -179 1 1 3 55
4 6 16 62 -182 1 1 3 63
4 6 16 63 -185 1 1 3 63
4 6 16 64 -188 1 1 3 70
4 6 20 26 -9223372036854775808 1 1 3 0
4 6 20 27 -9223372036854775808 1 1 3 0
4 6 20 28 -9223372036854775808 1 1 3 0
4 6 20 29 -9223372036854775808 1 1 3 0
4 6 20 30 -9223372036854775808 1 1 3 0
4 6 20 31 -9223372036854775808 1 1 3 0
4 6 20 32 -9223372036854775808 1 1 3 0
4 6 20 33 -9223372036854775808 1 1 3 0
4 6 20 34 -98 3 1 1 1
4 6 20 35 -101 3 1 1 1
4 6 20 36 -104 2 2 1 2
4 6 20 37 -107 2 2 1 2
4 6 20 38 -110 1 3 1 4
4 6 20 39 -113 1 3 1 4
4 6 20 40 -108 1 3 1 5
4 6 20 41 -117 1 3 1 5
4 6 20 42 -122 1 3 1 7
4 6 20 43 -125 1 3 1 7
4 6 20 44 -128 1 3 1 9
4 6 20 45 -131 1 3 1 9
4 6 20 46 -134 1 3 1 11
4 6 20 47 -137 1 3 1 11
4 6 20 48 -140 1 3 1 13
4 6 20 49 -143 1 3 1 13
4 6 20 50 -146 1 3 1 17
4 6 20 51 -149 1 3 1 17
4 6 20 52 -152 1 2 2 20
4 6 20 53 -155 1 2 2 20
4 6 20 54 -158 1 2 2 24
4 6 20 55 -161 1 2 2 24
4 6 20 56 -164 1 2 2 28
4 6 20 57 -167 1 2 2 28
4 6 20 58 -170 1 2 2 33
4 6 20 59 -173 1 2 2 33
4 6 20 60 -176 1 2 2 37
4 6 20 61 -179 1 2 2 37
4 6 20 62 -182 1 2 2 43
4 6 20 63 -185 1 2 2 43
4 6 20 64 -188 1 2 2 48
4 6 24 30 -9223372036854775808 1 2 2 0
4 6 24 31 -9223372036854775808 1 2 2 0
4 6 24 32 -9223372036854775808 1 2 2 0
4 6 24 33 -9223372036854775808 1 2 2 0
4 6 24 34 -9223372036854775808 1 2 2 0
4 6 24 35 -9223372036854775808 1 2 2 0
4 6 24 36 -9223372036854775808 1 2 2 0
4 6 24 37 -9223372036854775808 1 2 2 0
4 6 24 38 -110 3 1 1 1
4 6 24 39 -113 3 1 1 1
4 6 24 40 -116 2 2 1 2
4 6 24 41 -119 2 2 1 2
4 6 24 42 -122 1 3 1 4
4 6 24 43 -125 1 3 1 4
4 6 24 44 -128 1 3 1 5
4 6 24 45 -131 1 3 1 5
4 6 24 46 -134 1 3 1 7
4 6 24 47 -137 1 3 1 7
4 6 24 48 -132 1 3 1 9
4 6 24 49 -141 1 3 1 9
4 6 24 50 -146 1 3 1 11
4 6 24 51 -149 1 3 1 11
4 6 24 52 -152 1 3 1 13
4 6 24 53 -155 1 3 1 13
4 6 24 54 -158 1 3 1 16
4 6 24 55 -161 1 3 1 16
4 6 24 56 -164 1 3 1 18
4 6 24 57 -167 1 3 1 18
4 6 24 58 -170 1 3 1 22
4 6 24 59 -173 1 3 1 22
4 6 24 60 -176 1 2 2 26
4 6 24 61 -179 1 2 2 26
4 6 24 62 -182 1 2 2 30
4 6 24 63 -185 1 2 2 30
4 6 24 64 -188 1 2 2 34
4 7 7 20 -9223372036854775808 1 2 2 0
4 7 7 21 -9223372036854775808 1 2 2 0
4 7 7 22 -60 3 1 1 1
4 7 7 23 -65 3 1 1 1
4 7 7 24 -68 3 1 1 1
4 7 7 25 -71 2 1 2 2
4 7 7 26 -74 2 1 2 3
4 7 7 27 -77 2 1 2 3
4 7 7 28 -80 1 1 3 5
4 7 7 29 -83 1 1 3 6
4 7 7 30 -86 1 1 3 7
4 7 7 31 -89 1 1 3 7
4 7 7 32 -92 1 1 3 9
4 7 7 33 -95 1 1 3 10
4 7 7 34 -98 1 1 3 11
4 7 7 35 -101 1 1 3 13
4 7 7 36 -104 1 1 3 15
4 7 7 37 -107 1 1 3 16
4 7 7 38 -110 1 1 3 17
4 7 7 39 -113 1 1 3 19
4 7 7 40 -116 1 1 3 21
4 7 7 41 -119 1 1 3 22
4 7 7 42 -122 1 1 3 26
4 7 7 43 -125 1 1 3 28
4 7 7 44 -128 1 1 3 30
4 7 7 45 -131 1 1 3 31
4 7 7 46 -134 1 1 3 35
4 7 7 47 -137 1 1 3 37
4 7 7 48 -140 1 1 3 39
4 7 7 49 -143 1 1 3 43
4 7 7 50 -146 1 1 3 47
4 7 7 51 -149 1 1 3 49
4 7 7 52 -152 1 1 3 51
4 7 7 53 -155 1 1 3 55
4 7 7 54 -158 1 1 3 59
4 7 7 55 -161 1 1 3 61
4 7 7 56 -164 1 1 3 67
4 7 7 57 -167 1 1 3 71
4 7 7 58 -170 1 1 3 75
4 7 7 59 -173 1 1 3 77
4 7 7 60 -176 1 1 3 83
4 7 7 61 -179 1 1 3 87
4 7 7 62 -182 1 1 3 91
4 7 7 63 -185 1 1 3 97
4 7 7 64 -188 1 1 3 103
4 7 8 20 -9223372036854775808 1 1 3 0
4 7 8 21 -9223372036854775808 1 1 3 0
4 7 8 22 -9223372036854775808 1 1 3 0
4 7 8 23 -65 3 1 1 1
4 7 8 24 -68 3 1 1 1
4 7 8 25 -71 3 1 1 1
4 7 8 26 -74 2 2 1 2
4 7 8 27 -77 2 1 2 4
4 7 8 28 -80 2 1 2 4
4 7 8 29 -83 1 3 1 5
4 7 8 30 -86 1 2 2 7
4 7 8 31 -89 1 1 3 10
4 7 8 32 -92 1 1 3 10
4 7 8 33 -95 1 1 3 11
4 7 8 34 -98 1 1 3 13
4 7 8 35 -101 1 1 3 16
4 7 8 36 -104 1 1 3 17
4 7 8 37 -107 1 1 3 19
4 7 8 38 -110 1 1 3 22
4 7 8 39 -113 1 1 3 26
4 7 8 40 -116 1 1 3 27
4 7 8 41 -119 1 1 3 29
4 7 8 42 -122 1 1 3 32
4 7 8 43 -125 1 1 3 37
4 7 8 44 -128 1 1 3 39
4 7 8 45 -131 1 1 3 42
4 7 8 46 -134 1 1 3 46
4 7 8 47 -137 1 1 3 52
4 7 8 48 -140 1 1 3 54
4 7 8 49 -143 1 1 3 57
4 7 8 50 -146 1 1 3 62
4 7 8 51 -149 1 1 3 69
4 7 8 52 -152 1 1 3 72
4 7 8 53 -155 1 1 3 76
4 7 8 54 -158 1 1 3 82
4 7 8 55 -161 1 1 3 90
4 7 8 56 -164 1 1 3 93
4 7 8 57 -167 1 1 3 98
4 7 8 58 -170 1 1 3 105
4 7 8 59 -173 1 1 3 114
4 7 8 60 -176 1 1 3 118
4 7 8 61 -179 1 1 3 124
4 7 8 62 -182 1 1 3 132
4 7 8 63 -185 1 1 3 142
4 7 8 64 -188 1 1 3 147
4 7 10 20 -9223372036854775808 1 1 3 0
4 7 10 21 -9223372036854775808 1 1 3 0
4 7 10 22 -9223372036854775808 1 1 3 0
4 7 10 23 -9223372036854775808 1 1 3 0
4 7 10 24 -9223372036854775808 1 1 3 0
4 7 10 25 -71 3 1 1 1
4 7 10 26 -74 3 1 1 1
4 7 10 27 -77 3 1 1 1
4 7 10 28 -80 2 2 1 2
4 7 10 29 -83 2 2 1 3
4 7 10 30 -86 2 2 1 3
4 7 10 31 -89 1 3 1 5
4 7 10 32 -92 1 3 1 6
4 7 10 33 -95 1 3 1 7
4 7 10 34 -98 1 2 2 8
4 7 10 35 -101 1 2 2 10
4 7 10 36 -104 1 2 2 11
4 7 10 37 -107 1 1 3 13
4 7 10 38 -110 1 1 3 15
4 7 10 39 -113 1 1 3 17
4 7 10 40 -116 1 1 3 18
4 7 10 41 -119 1 1 3 21
4 7 10 42 -122 1 1 3 23
4 7 10 43 -125 1 1 3 25
4 7 10 44 -128 1 1 3 27
4 7 10 45 -131 1 1 3 31
4 7 10 46 -134 1 1 3 33
4 7 10 47 -137 1 1 3 36
4 7 10 48 -140 1 1 3 39
4 7 10 49 -143 1 1 3 43
4 7 10 50 -146 1 1 3 45
4 7 10 51 -149 1 1 3 49
4 7 10 52 -152 1 1 3 53
4 7 10 53 -155 1 1 3 57
4 7 10 54 -158 1 1 3 60
4 7 10 55 -161 1 1 3 65
4 7 10 56 -164 1 1 3 69
4 7 10 57 -167 1 1 3 74
4 7 10 58 -170 1 1 3 78
4 7 10 59 -173 1 1 3 84
4 7 10 60 -176 1 1 3 88
4 7 10 61 -179 1 1 3 94
4 7 10 62 -182 1 1 3 99
4 7 10 63 -185 1 1 3 105
4 7 10 64 -188 1 1 3 110
4 7 12 20 -9223372036854775808 1 1 3 0
4 7 12 21 -9223372036854775808 1 1 3 0
4 7 12 22 -9223372036854775808 1 1 3 0
4 7 12 23 -9223372036854775808 1 1 3 0
4 7 12 24 -9223372036854775808 1 1 3 0
4 7 12 25 -9223372036854775808 1 1 3 0
4 7 12 26 -9223372036854775808 1 1 3 0
4 7 12 27 -77 3 1 1 1
4 7 12 28 -80 3 1 1 1
4 7 12 29 -83 3 1 1 1
4 7 12 30 -86 2 2 1 2
4 7 12 31 -89 2 2 1 3
4 7 12 32 -92 2 2 1 3
4 7 12 33 -95 1 3 1 4
4 7 12 34 -98 1 3 1 5
4 7 12 35 -101 1 3 1 7
4 7 12 36 -104 1 3 1 7
4 7 12 37 -107 1 3 1 8
4 7 12 38 -110 1 2 2 10
4 7 12 39 -113 1 2 2 12
4 7 12 40 -116 1 2 2 13
4 7 12 41 -119 1 2 2 14
4 7 12 42 -122 1 2 2 16
4 7 12 43 -125 1 1 3 19
4 7 12 44 -128 1 1 3 20
4 7 12 45 -131 1 1 3 22
4 7 12 46 -134 1 1 3 24
4 7 12 47 -137 1 1 3 28
4 7 12 48 -140 1 1 3 29
4 7 12 49 -143 1 1 3 31
4 7 12 50 -146 1 1 3 34
4 7 12 51 -149 1 1 3 38
4 7 12 52 -152 1 1 3 40
4 7 12 53 -155 1 1 3 42
4 7 12 54 -158 1 1 3 46
4 7 12 55 -161 1 1 3 51
4 7 12 56 -164 1 1 3 53
4 7 12 57 -167 1 1 3 56
4 7 12 58 -170 1 1 3 60
4 7 12 59 -173 1 1 3 66
4 7 12 60 -176 1 1 3 68
4 7 12 61 -179 1 1 3 72
4 7 12 62 -182 1 1 3 77
4 7 12 63 -185 1 1 3 83
4 7 12 64 -188 1 1 3 86
4 7 16 23 -9223372036854775808 1 1 3 0
4 7 16 24 -9223372036854775808 1 1 3 0
4 7 16 25 -9223372036854775808 1 1 3 0
4 7 16 26 -9223372036854775808 1 1 3 0
4 7 16 27 -9223372036854775808 1 1 3 0
4 7 16 28 -9223372036854775808 1 1 3 0
4 7 16 29 -9223372036854775808 1 1 3 0
4 7 16 30 -9223372036854775808 1 1 3 0
4 7 16 31 -89 3 1 1 1
4 7 16 32 -84 3 1 1 1
4 7 16 33 -93 3 1 1 1
4 7 16 34 -98 2 2 1 2
4 7 16 35 -101 2 2 1 3
4 7 16 36 -104 2 2 1 3
4 7 16 37 -107 1 3 1 4
4 7 16 38 -110 1 3 1 5
4 7 16 39 -113 1 3 1 6
4 7 16 40 -116 1 3 1 6
4 7 16 41 -119 1 3 1 7
4 7 16 42 -122 1 3 1 8
4 7 16 43 -125 1 3 1 10
4 7 16 44 -128 1 3 1 11
4 7 16 45 -131 1 3 1 12
4 7 16 46 -134 1 2 2 14
4 7 16 47 -137 1 2 2 16
4 7 16 48 -140 1 2 2 17
4 7 16 49 -143 1 2 2 18
4 7 16 50 -146 1 2 2 20
4 7 16 51 -149 1 2 2 23
4 7 16 52 -152 1 2 2 24
4 7 16 53 -155 1 2 2 26
4 7 16 54 -158 1 2 2 28
4 7 16 55 -161 1 1 3 32
4 7 16 56 -164 1 1 3 33
4 7 16 57 -167 1 1 3 35
4 7 16 58 -170 1 1 3 38
4 7 16 59 -173 1 1 3 42
4 7 16 60 -176 1 1 3 44
4 7 16 61 -179 1 1 3 46
4 7 16 62 -182 1 1 3 50
4 7 16 63 -185 1 1 3 54
4 7 16 64 -188 1 1 3 56
4 7 20 27 -9223372036854775808 1 1 3 0
4 7 20 28 -9223372036854775808 1 1 3 0
4 7 20 29 -9223372036854775808 1 1 3 0
4 7 20 30 -9223372036854775808 1 1 3 0
4 7 20 31 -9223372036854775808 1 1 3 0
4 7 20 32 -9223372036854775808 1 1 3 0
4 7 20 33 -9223372036854775808 1 1 3 0
4 7 20 34 -9223372036854775808 1 1 3 0
4 7 20 35 -101 3 1 1 1
4 7 20 36 -104 3 1 1 1
4 7 20 37 -107 3 1 1 1
4 7 20 38 -110 2 2 1 2
4 7 20 39 -113 2 2 1 3
4 7 20 40 -108 2 2 1 3
4 7 20 41 -117 1 3 1 4
4 7 20 42 -122 1 3 1 5
4 7 20 43 -125 1 3 1 6
4 7 20 44 -128 1 3 1 6
4 7 20 45 -131 1 3 1 7
4 7 20 46 -134 1 3 1 8
4 7 20 47 -137 1 3 1 9
4 7 20 48 -140 1 3 1 10
4 7 20 49 -143 1 3 1 11
4 7 20 50 -146 1 3 1 12
4 7 20 51 -149 1 3 1 14
4 7 20 52 -152 1 3 1 15
4 7 20 53 -155 1 3 1 16
4 7 20 54 -158 1 2 2 18
4 7 20 55 -161 1 2 2 21
4 7 20 56 -164 1 2 2 22
4 7 20 57 -167 1 2 2 23
4 7 20 58 -170 1 2 2 25
4 7 20 59 -173 1 2 2 28
4 7 20 60 -176 1 2 2 29
4 7 20 61 -179 1 2 2 31
4 7 20 62 -182 1 2 2 34
4 7 20 63 -185 1 2 2 37
4 7 20 64 -188 1 2 2 38
4 7 24 31 -9223372036854775808 1 2 2 0
4 7 24 32 -9223372036854775808 1 2 2 0
4 7 24 33 -9223372036854775808 1 2 2 0
4 7 24 34 -9223372036854775808 1 2 2 0
4 7 24 35 -9223372036854775808 1 2 2 0
4 7 24 36 -9223372036854775808 1 2 2 0
4 7 24 37 -9223372036854775808 1 2 2 0
4 7 24 38 -9223372036854775808 1 2 2 0
4 7 24 39 -113 3 1 1 1
4 7 24 40 -116 3 1 1 1
4 7 24 41 -119 3 1 1 1
4 7 24 42 -122 2 2 1 2
4 7 24 43 -125 2 2 1 3
4 7 24 44 -128 2 2 1 3
4 7 24 45 -131 1 3 1 4
4 7 24 46 -134 1 3 1 5
4 7 24 47 -137 1 3 1 6
4 7 24 48 -132 1 3 1 6
4 7 24 49 -141 1 3 1 7
4 7 24 50 -146 1 3 1 8
4 7 24 51 -149 1 3 1 9
4 7 24 52 -152 1 3 1 10
4 7 24 53 -155 1 3 1 11
4 7 24 54 -158 1 3 1 12
4 7 24 55 -161 1 3 1 13
4 7 24 56 -164 1 3 1 14
4 7 24 57 -167 1 3 1 15
4 7 24 58 -170 1 3 1 16
4 7 24 59 -173 1 3 1 19
4 7 24 60 -176 1 3 1 20
4 7 24 61 -179 1 3 1 21
4 7 24 62 -182 1 2 2 23
4 7 24 63 -185 1 2 2 26
4 7 24 64 -188 1 2 2 27
4 8 8 20 -9223372036854775808 1 2 2 0
4 8 8 21 -9223372036854775808 1 2 2 0
4 8 8 22 -9223372036854775808 1 2 2 0
4 8 8 23 -9223372036854775808 1 2 2 0
4 8 8 24 -16 3 1 1 1
4 8 8 25 -70 3 1 1 1
4 8 8 26 -74 3 1 1 1
4 8 8 27 -77 3 1 1 1
4 8 8 28 -80 2 1 2 3
4 8 8 29 -83 2 1 2 3
4 8 8 30 -86 2 1 2 3
4 8 8 31 -89 2 1 2 3
4 8 8 32 -92 1 1 3 7
4 8 8 33 -95 1 1 3 7
4 8 8 34 -98 1 1 3 7
4 8 8 35 -101 1 1 3 7
4 8 8 36 -104 1 1 3 11
4 8 8 37 -107 1 1 3 11
4 8 8 38 -110 1 1 3 11
4 8 8 39 -113 1 1 3 11
4 8 8 40 -116 1 1 3 17
4 8 8 41 -119 1 1 3 17
4 8 8 42 -122 1 1 3 17
4 8 8 43 -125 1 1 3 17
4 8 8 44 -128 1 1 3 23
4 8 8 45 -131 1 1 3 23
4 8 8 46 -134 1 1 3 23
4 8 8 47 -137 1 1 3 23
4 8 8 48 -140 1 1 3 32
4 8 8 49 -143 1 1 3 32
4 8 8 50 -146 1 1 3 32
4 8 8 51 -149 1 1 3 32
4 8 8 52 -152 1 1 3 41
4 8 8 53 -155 1 1 3 41
4 8 8 54 -158 1 1 3 41
4 8 8 55 -161 1 1 3 41
4 8 8 56 -164 1 1 3 53
4 8 8 57 -167 1 1 3 53
4 8 8 58 -170 1 1 3 53
4 8 8 59 -173 1 1 3 53
4 8 8 60 -176 1 1 3 65
4 8 8 61 -179 1 1 3 65
4 8 8 62 -182 1 1 3 65
4 8 8 63 -185 1 1 3 65
4 8 8 64 -188 1 1 3 81
4 8 10 20 -9223372036854775808 1 1 3 0
4 8 10 21 -9223372036854775808 1 1 3 0
4 8 10 22 -9223372036854775808 1 1 3 0
4 8 10 23 -9223372036854775808 1 1 3 0
4 8 10 24 -9223372036854775808 1 1 3 0
4 8 10 25 -9223372036854775808 1 1 3 0
4 8 10 26 -74 3 1 1 1
4 8 10 27 -77 3 1 1 1
4 8 10 28 -80 3 1 1 1
4 8 10 29 -83 3 1 1 1
4 8 10 30 -86 2 2 1 3
4 8 10 31 -89 2 2 1 3
4 8 10 32 -92 2 1 2 4
4 8 10 33 -95 2 1 2 4
4 8 10 34 -98 1 3 1 7
4 8 10 35 -101 1 3 1 7
4 8 10 36 -104 1 2 2 9
4 8 10 37 -107 1 2 2 9
4 8 10 38 -110 1 1 3 13
4 8 10 39 -113 1 1 3 13
4 8 10 40 -116 1 1 3 15
4 8 10 41 -119 1 1 3 15
4 8 10 42 -122 1 1 3 20
4 8 10 43 -125 1 1 3 20
4 8 10 44 -128 1 1 3 23
4 8 10 45 -131 1 1 3 23
4 8 10 46 -134 1 1 3 29
4 8 10 47 -137 1 1 3 29
4 8 10 48 -140 1 1 3 33
4 8 10 49 -143 1 1 3 33
4 8 10 50 -146 1 1 3 40
4 8 10 51 -149 1 1 3 40
4 8 10 52 -152 1 1 3 45
4 8 10 53 -155 1 1 3 45
4 8 10 54 -158 1 1 3 53
4 8 10 55 -161 1 1 3 53
4 8 10 56 -164 1 1 3 59
4 8 10 57 -167 1 1 3 59
4 8 10 58 -170 1 1 3 69
4 8 10 59 -173 1 1 3 69
4 8 10 60 -176 1 1 3 76
4 8 10 61 -179 1 1 3 76
4 8 10 62 -182 1 1 3 87
4 8 10 63 -185 1 1 3 87
4 8 10 64 -188 1 1 3 95
4 8 12 20 -9223372036854775808 1 1 3 0
4 8 12 21 -9223372036854775808 1 1 3 0
4 8 12 22 -9223372036854775808 1 1 3 0
4 8 12 23 -9223372036854775808 1 1 3 0
4 8 12 24 -9223372036854775808 1 1 3 0
4 8 12 25 -9223372036854775808 1 1 3 0
4 8 12 26 -9223372036854775808 1 1 3 0
4 8 12 27 -9223372036854775808 1 1 3 0
4 8 12 28 -64 3 1 1 1
4 8 12 29 -83 3 1 1 1
4 8 12 30 -86 3 1 1 1
4 8 12 31 -89 3 1 1 1
4 8 12 32 -92 2 2 1 3
4 8 12 33 -95 2 2 1 3
4 8 12 34 -98 2 2 1 3
4 8 12 35 -101 2 2 1 3
4 8 12 36 -104 1 3 1 7
4 8 12 37 -107 1 3 1 7
4 8 12 38 -110 1 3 1 7
4 8 12 39 -113 1 3 1 7
4 8 12 40 -116 1 2 2 12
4 8 12 41 -119 1 2 2 12
4 8 12 42 -122 1 2 2 12
4 8 12 43 -125 1 2 2 12
4 8 12 44 -128 1 1 3 19
4 8 12 45 -131 1 1 3 19
4 8 12 46 -134 1 1 3 19
4 8 12 47 -137 1 1 3 19
4 8 12 48 -140 1 1 3 27
4 8 12 49 -143 1 1 3 27
4 8 12 50 -146 1 1 3 27
4 8 12 51 -149 1 1 3 27
4 8 12 52 -152 1 1 3 37
4 8 12 53 -155 1 1 3 37
4 8 12 54 -158 1 1 3 37
4 8 12 55 -161 1 1 3 37
4 8 12 56 -164 1 1 3 49
4 8 12 57 -167 1 1 3 49
4 8 12 58 -170 1 1 3 49
4 8 12 59 -173 1 1 3 49
4 8 12 60 -176 1 1 3 63
4 8 12 61 -179 1 1 3 63
4 8 12 62 -182 1 1 3 63
4 8 12 63 -185 1 1 3 63
4 8 12 64 -188 1 1 3 79
4 8 16 24 -9223372036854775808 1 1 3 0
4 8 16 25 -9223372036854775808 1 1 3 0
4 8 16 26 -9223372036854775808 1 1 3 0
4 8 16 27 -9223372036854775808 1 1 3 0
4 8 16 28 -9223372036854775808 1 1 3 0
4 8 16 29 -9223372036854775808 1 1 3 0
4 8 16 30 -9223372036854775808 1 1 3 0
4 8 16 31 -9223372036854775808 1 1 3 0
4 8 16 32 -84 3 1 1 1
4 8 16 33 -93 3 1 1 1
4 8 16 34 -98 3 1 1 1
4 8 16 35 -101 3 1 1 1
4 8 16 36 -104 2 2 1 3
4 8 16 37 -107 2 2 1 3
4 8 16 38 -110 2 2 1 3
4 8 16 39 -113 2 2 1 3
4 8 16 40 -116 1 3 1 6
4 8 16 41 -119 1 3 1 6
4 8 16 42 -122 1 3 1 6
4 8 16 43 -125 1 3 1 6
4 8 16 44 -128 1 3 1 10
4 8 16 45 -131 1 3 1 10
4 8 16 46 -134 1 3 1 10
4 8 16 47 -137 1 3 1 10
4 8 16 48 -140 1 2 2 16
4 8 16 49 -143 1 2 2 16
4 8 16 50 -146 1 2 2 16
4 8 16 51 -149 1 2 2 16
4 8 16 52 -152 1 2 2 22
4 8 16 53 -155 1 2 2 22
4 8 16 54 -158 1 2 2 22
4 8 16 55 -161 1 2 2 22
4 8 16 56 -164 1 1 3 31
4 8 16 57 -167 1 1 3 31
4 8 16 58 -170 1 1 3 31
4 8 16 59 -173 1 1 3 31
4 8 16 60 -176 1 1 3 40
4 8 16 61 -179 1 1 3 40
4 8 16 62 -182 1 1 3 40
4 8 16 63 -185 1 1 3 40
4 8 16 64 -188 1 1 3 52
4 8 20 28 -9223372036854775808 1 1 3 0
4 8 20 29 -9223372036854775808 1 1 3 0
4 8 20 30 -9223372036854775808 1 1 3 0
4 8 20 31 -9223372036854775808 1 1 3 0
4 8 20 32 -9223372036854775808 1 1 3 0
4 8 20 33 -9223372036854775808 1 1 3 0
4 8 20 34 -9223372036854775808 1 1 3 0
4 8 20 35 -9223372036854775808 1 1 3 0
4 8 20 36 -104 3 1 1 1
4 8 20 37 -107 3 1 1 1
4 8 20 38 -110 3 1 1 1
4 8 20 39 -113 3 1 1 1
4 8 20 40 -108 2 2 1 3
4 8 20 41 -117 2 2 1 3
4 8 20 42 -122 2 2 1 3
4 8 20 43 -125 2 2 1 3
4 8 20 44 -128 1 3 1 6
4 8 20 45 -131 1 3 1 6
4 8 20 46 -134 1 3 1 6
4 8 20 47 -137 1 3 1 6
4 8 20 48 -140 1 3 1 9
4 8 20 49 -143 1 3 1 9
4 8 20 50 -146 1 3 1 9
4 8 20 51 -149 1 3 1 9
4 8 20 52 -152 1 3 1 14
4 8 20 53 -155 1 3 1 14
4 8 20 54 -158 1 3 1 14
4 8 20 55 -161 1 3 1 14
4 8 20 56 -164 1 2 2 20
4 8 20 57 -167 1 2 2 20
4 8 20 58 -170 1 2 2 20
4 8 20 59 -173 1 2 2 20
4 8 20 60 -176 1 2 2 27
4 8 20 61 -179 1 2 2 27
4 8 20 62 -182 1 2 2 27
4 8 20 63 -185 1 2 2 27
4 8 20 64 -188 1 2 2 35
4 8 24 32 -9223372036854775808 1 2 2 0
4 8 24 33 -9223372036854775808 1 2 2 0
4 8 24 34 -9223372036854775808 1 2 2 0
4 8 24 35 -9223372036854775808 1 2 2 0
4 8 24 36 -9223372036854775808 1 2 2 0
4 8 24 37 -9223372036854775808 1 2 2 0
4 8 24 38 -9223372036854775808 1 2 2 0
4 8 24 39 -9223372036854775808 1 2 2 0
4 8 24 40 -116 3 1 1 1
4 8 24 41 -119 3 1 1 1
4 8 24 42 -122 3 1 1 1
4 8 24 43 -125 3 1 1 1
4 8 24 44 -128 2 2 1 3
4 8 24 45 -131 2 2 1 3
4 8 24 46 -134 2 2 1 3
4 8 24 47 -137 2 2 1 3
4 8 24 48 -132 1 3 1 6
4 8 24 49 -141 1 3 1 6
4 8 24 50 -146 1 3 1 6
4 8 24 51 -149 1 3 1 6
4 8 24 52 -152 1 3 1 9
4 8 24 53 -155 1 3 1 9
4 8 24 54 -158 1 3 1 9
4 8 24 55 -161 1 3 1 9
4 8 24 56 -164 1 3 1 13
4 8 24 57 -167 1 3 1 13
4 8 24 58 -170 1 3 1 13
4 8 24 59 -173 1 3 1 13
4 8 24 60 -176 1 3 1 18
4 8 24 61 -179 1 3 1 18
4 8 24 62 -182 1 3 1 18
4 8 24 63 -185 1 3 1 18
4 8 24 64 -188 1 2 2 25
4 10 10 20 -9223372036854775808 1 2 2 0
4 10 10 21 -9223372036854775808 1 2 2 0
4 10 10 22 -9223372036854775808 1 2 2 0
4 10 10 23 -9223372036854775808 1 2 2 0
4 10 10 24 -9223372036854775808 1 2 2 0
4 10 10 25 -9223372036854775808 1 2 2 0
4 10 10 26 -9223372036854775808 1 2 2 0
4 10 10 27 -9223372036854775808 1 2 2 0
4 10 10 28 -80 3 1 1 1
4 10 10 29 -83 3 1 1 1
4 10 10 30 -60 3 1 1 1
4 10 10 31 -89 3 1 1 1
4 10 10 32 -92 3 1 1 2
4 10 10 33 -95 3 1 1 2
4 10 10 34 -98 2 1 2 3
4 10 10 35 -101 2 1 2 3
4 10 10 36 -104 2 1 2 4
4 10 10 37 -107 2 1 2 4
4 10 10 38 -110 2 1 2 5
4 10 10 39 -113 2 1 2 5
4 10 10 40 -116 1 1 3 8
4 10 10 41 -119 1 1 3 8
4 10 10 42 -122 1 1 3 9
4 10 10 43 -125 1 1 3 9
4 10 10 44 -128 1 1 3 12
4 10 10 45 -131 1 1 3 12
4 10 10 46 -134 1 1 3 13
4 10 10 47 -137 1 1 3 13
4 10 10 48 -140 1 1 3 16
4 10 10 49 -143 1 1 3 16
4 10 10 50 -146 1 1 3 19
4 10 10 51 -149 1 1 3 19
4 10 10 52 -152 1 1 3 22
4 10 10 53 -155 1 1 3 22
4 10 10 54 -158 1 1 3 25
4 10 10 55 -161 1 1 3 25
4 10 10 56 -164 1 1 3 28
4 10 10 57 -167 1 1 3 28
4 10 10 58 -170 1 1 3 31
4 10 10 59 -173 1 1 3 31
4 10 10 60 -176 1 1 3 37
4 10 10 61 -179 1 1 3 37
4 10 10 62 -182 1 1 3 40
4 10 10 63 -185 1 1 3 40
4 10 10 64 -188 1 1 3 46
4 10 12 22 -9223372036854775808 1 1 3 0
4 10 12 23 -9223372036854775808 1 1 3 0
4 10 12 24 -9223372036854775808 1 1 3 0
4 10 12 25 -9223372036854775808 1 1 3 0
4 10 12 26 -9223372036854775808 1 1 3 0
4 10 12 27 -9223372036854775808 1 1 3 0
4 10 12 28 -9223372036854775808 1 1 3 0
4 10 12 29 -9223372036854775808 1 1 3 0
4 10 12 30 -86 3 1 1 1
4 10 12 31 -89 3 1 1 1
4 10 12 32 -92 3 1 1 1
4 10 12 33 -95 3 1 1 1
4 10 12 34 -98 3 1 1 2
4 10 12 35 -101 3 1 1 2
4 10 12 36 -104 2 2 1 3
4 10 12 37 -107 2 2 1 3
4 10 12 38 -110 2 1 2 5
4 10 12 39 -113 2 1 2 5
4 10 12 40 -116 2 1 2 6
4 10 12 41 -119 2 1 2 6
4 10 12 42 -122 1 3 1 9
4 10 12 43 -125 1 3 1 9
4 10 12 44 -128 1 2 2 11
4 10 12 45 -131 1 2 2 11
4 10 12 46 -134 1 1 3 15
4 10 12 47 -137 1 1 3 15
4 10 12 48 -140 1 1 3 17
4 10 12 49 -143 1 1 3 17
4 10 12 50 -146 1 1 3 21
4 10 12 51 -149 1 1 3 21
4 10 12 52 -152 1 1 3 24
4 10 12 53 -155 1 1 3 24
4 10 12 54 -158 1 1 3 29
4 10 12 55 -161 1 1 3 29
4 10 12 56 -164 1 1 3 33
4 10 12 57 -167 1 1 3 33
4 10 12 58 -170 1 1 3 39
4 10 12 59 -173 1 1 3 39
4 10 12 60 -176 1 1 3 43
4 10 12 61 -179 1 1 3 43
4 10 12 62 -182 1 1 3 50
4 10 12 63 -185 1 1 3 50
4 10 12 64 -188 1 1 3 55
4 10 16 26 -9223372036854775808 1 1 3 0
4 10 16 27 -9223372036854775808 1 1 3 0
4 10 16 28 -9223372036854775808 1 1 3 0
4 10 16 29 -9223372036854775808 1 1 3 0
4 10 16 30 -9223372036854775808 1 1 3 0
4 10 16 31 -9223372036854775808 1 1 3 0
4 10 16 32 -9223372036854775808 1 1 3 0
4 10 16 33 -9223372036854775808 1 1 3 0
4 10 16 34 -98 3 1 1 1
4 10 16 35 -101 3 1 1 1
4 10 16 36 -104 3 1 1 1
4 10 16 37 -107 3 1 1 1
4 10 16 38 -110 3 1 1 2
4 10 16 39 -113 3 1 1 2
4 10 16 40 -116 2 2 1 3
4 10 16 41 -119 2 2 1 3
4 10 16 42 -122 2 2 1 4
4 10 16 43 -125 2 2 1 4
4 10 16 44 -128 2 2 1 5
4 10 16 45 -131 2 2 1 5
4 10 16 46 -134 1 3 1 8
4 10 16 47 -137 1 3 1 8
4 10 16 48 -140 1 3 1 9
4 10 16 49 -143 1 3 1 9
4 10 16 50 -146 1 3 1 12
4 10 16 51 -149 1 3 1 12
4 10 16 52 -152 1 2 2 14
4 10 16 53 -155 1 2 2 14
4 10 16 54 -158 1 2 2 17
4 10 16 55 -161 1 2 2 17
4 10 16 56 -164 1 2 2 20
4 10 16 57 -167 1 2 2 20
4 10 16 58 -170 1 1 3 24
4 10 16 59 -173 1 1 3 24
4 10 16 60 -176 1 1 3 27
4 10 16 61 -179 1 1 3 27
4 10 16 62 -182 1 1 3 32
4 10 16 63 -185 1 1 3 32
4 10 16 64 -188 1 1 3 35
4 10 20 30 -9223372036854775808 1 1 3 0
4 10 20 31 -9223372036854775808 1 1 3 0
4 10 20 32 -9223372036854775808 1 1 3 0
4 10 20 33 -9223372036854775808 1 1 3 0
4 10 20 34 -9223372036854775808 1 1 3 0
4 10 20 35 -9223372036854775808 1 1 3 0
4 10 20 36 -9223372036854775808 1 1 3 0
4 10 20 37 -9223372036854775808 1 1 3 0
4 10 20 38 -110 3 1 1 1
4 10 20 39 -113 3 1 1 1
4 10 20 40 -108 3 1 1 1
4 10 20 41 -117 3 1 1 1
4 10 20 42 -122 3 1 1 2
4 10 20 43 -125 3 1 1 2
4 10 20 44 -128 2 2 1 3
4 10 20 45 -131 2 2 1 3
4 10 20 46 -134 2 2 1 4
4 10 20 47 -137 2 2 1 4
4 10 20 48 -140 2 2 1 5
4 10 20 49 -143 2 2 1 5
4 10 20 50 -146 1 3 1 7
4 10 20 51 -149 1 3 1 7
4 10 20 52 -152 1 3 1 8
4 10 20 53 -155 1 3 1 8
4 10 20 54 -158 1 3 1 11
4 10 20 55 -161 1 3 1 11
4 10 20 56 -164 1 3 1 12
4 10 20 57 -167 1 3 1 12
4 10 20 58 -170 1 3 1 15
4 10 20 59 -173 1 3 1 15
4 10 20 60 -176 1 2 2 18
4 10 20 61 -179 1 2 2 18
4 10 20 62 -182 1 2 2 21
4 10 20 63 -185 1 2 2 21
4 10 20 64 -188 1 2 2 24
4 10 24 34 -9223372036854775808 1 2 2 0
4 10 24 35 -9223372036854775808 1 2 2 0
4 10 24 36 -9223372036854775808 1 2 2 0
4 10 24 37 -9223372036854775808 1 2 2 0
4 10 24 38 -9223372036854775808 1 2 2 0
4 10 24 39 -9223372036854775808 1 2 2 0
4 10 24 40 -9223372036854775808 1 2 2 0
4 10 24 41 -9223372036854775808 1 2 2 0
4 10 24 42 -122 3 1 1 1
4 10 24 43 -125 3 1 1 1
4 10 24 44 -128 3 1 1 1
4 10 24 45 -131 3 1 1 1
4 10 24 46 -134 3 1 1 2
4 10 24 47 -137 3 1 1 2
4 10 24 48 -132 2 2 1 3
4 10 24 49 -141 2 2 1 3
4 10 24 50 -146 2 2 1 4
4 10 24 51 -149 2 2 1 4
4 10 24 52 -152 2 2 1 5
4 10 24 53 -155 2 2 1 5
4 10 24 54 -158 1 3 1 7
4 10 24 55 -161 1 3 1 7
4 10 24 56 -164 1 3 1 8
4 10 24 57 -167 1 3 1 8
4 10 24 58 -170 1 3 1 10
4 10 24 59 -173 1 3 1 10
4 10 24 60 -176 1 3 1 11
4 10 24 61 -179 1 3 1 11
4 10 24 62 -182 1 3 1 14
4 10 24 63 -185 1 3 1 14
4 10 24 64 -188 1 3 1 16
4 12 12 24 -9223372036854775808 1 3 1 0
4 12 12 25 -9223372036854775808 1 3 1 0
4 12 12 26 -9223372036854775808 1 3 1 0
4 12 12 27 -9223372036854775808 1 3 1 0
4 12 12 28 -9223372036854775808 1 3 1 0
4 12 12 29 -9223372036854775808 1 3 1 0
4 12 12 30 -9223372036854775808 1 3 1 0
4 12 12 31 -9223372036854775808 1 3 1 0
4 12 12 32 -92 3 1 1 1
4 12 12 33 -95 3 1 1 1
4 12 12 34 -98 3 1 1 1
4 12 12 35 -101 3 1 1 1
4 12 12 36 -80 3 1 1 2
4 12 12 37 -107 3 1 1 2
4 12 12 38 -110 3 1 1 2
4 12 12 39 -113 3 1 1 2
4 12 12 40 -116 2 1 2 4
4 12 12 41 -119 2 1 2 4
4 12 12 42 -122 2 1 2 4
4 12 12 43 -125 2 1 2 4
4 12 12 44 -128 2 1 2 6
4 12 12 45 -131 2 1 2 6
4 12 12 46 -134 2 1 2 6
4 12 12 47 -137 2 1 2 6
4 12 12 48 -140 1 1 3 10
4 12 12 49 -143 1 1 3 10
4 12 12 50 -146 1 1 3 10
4 12 12 51 -149 1 1 3 10
4 12 12 52 -152 1 1 3 14
4 12 12 53 -155 1 1 3 14
4 12 12 54 -158 1 1 3 14
4 12 12 55 -161 1 1 3 14
4 12 12 56 -164 1 1 3 18
4 12 12 57 -167 1 1 3 18
4 12 12 58 -170 1 1 3 18
4 12 12 59 -173 1 1 3 18
4 12 12 60 -176 1 1 3 24
4 12 12 61 -179 1 1 3 24
4 12 12 62 -182 1 1 3 24
4 12 12 63 -185 1 1 3 24
4 12 12 64 -188 1 1 3 30
4 12 16 28 -9223372036854775808 1 1 3 0
4 12 16 29 -9223372036854775808 1 1 3 0
4 12 16 30 -9223372036854775808 1 1 3 0
4 12 16 31 -9223372036854775808 1 1 3 0
4 12 16 32 -9223372036854775808 1 1 3 0
4 12 16 33 -9223372036854775808 1 1 3 0
4 12 16 34 -9223372036854775808 1 1 3 0
4 12 16 35 -9223372036854775808 1 1 3 0
4 12 16 36 -104 3 1 1 1
4 12 16 37 -107 3 1 1 1
4 12 16 38 -110 3 1 1 1
4 12 16 39 -113 3 1 1 1
4 12 16 40 -116 3 1 1 2
4 12 16 41 -119 3 1 1 2
4 12 16 42 -122 3 1 1 2
4 12 16 43 -125 3 1 1 2
4 12 16 44 -128 2 2 1 4
4 12 16 45 -131 2 2 1 4
4 12 16 46 -134 2 2 1 4
4 12 16 47 -137 2 2 1 4
4 12 16 48 -140 2 1 2 7
4 12 16 49 -143 2 1 2 7
4 12 16 50 -146 2 1 2 7
4 12 16 51 -149 2 1 2 7
4 12 16 52 -152 1 3 1 11
4 12 16 53 -155 1 3 1 11
4 12 16 54 -158 1 3 1 11
4 12 16 55 -161 1 3 1 11
4 12 16 56 -164 1 2 2 16
4 12 16 57 -167 1 2 2 16
4 12 16 58 -170 1 2 2 16
4 12 16 59 -173 1 2 2 16
4 12 16 60 -176 1 1 3 22
4 12 16 61 -179 1 1 3 22
4 12 16 62 -182 1 1 3 22
4 12 16 63 -185 1 1 3 22
4 12 16 64 -188 1 1 3 29
4 12 20 32 -9223372036854775808 1 1 3 0
4 12 20 33 -9223372036854775808 1 1 3 0
4 12 20 34 -9223372036854775808 1 1 3 0
4 12 20 35 -9223372036854775808 1 1 3 0
4 12 20 36 -9223372036854775808 1 1 3 0
4 12 20 37 -9223372036854775808 1 1 3 0
4 12 20 38 -9223372036854775808 1 1 3 0
4 12 20 39 -9223372036854775808 1 1 3 0
4 12 20 40 -108 3 1 1 1
4 12 20 41 -117 3 1 1 1
4 12 20 42 -122 3 1 1 1
4 12 20 43 -125 3 1 1 1
4 12 20 44 -128 3 1 1 2
4 12 20 45 -131 3 1 1 2
4 12 20 46 -134 3 1 1 2
4 12 20 47 -137 3 1 1 2
4 12 20 48 -140 2 2 1 4
4 12 20 49 -143 2 2 1 4
4 12 20 50 -146 2 2 1 4
4 12 20 51 -149 2 2 1 4
4 12 20 52 -152 2 2 1 6
4 12 20 53 -155 2 2 1 6
4 12 20 54 -158 2 2 1 6
4 12 20 55 -161 2 2 1 6
4 12 20 56 -164 1 3 1 10
4 12 20 57 -167 1 3 1 10
4 12 20 58 -170 1 3 1 10
4 12 20 59 -173 1 3 1 10
4 12 20 60 -176 1 3 1 14
4 12 20 61 -179 1 3 1 14
4 12 20 62 -182 1 3 1 14
4 12 20 63 -185 1 3 1 14
4 12 20 64 -188 1 2 2 19
4 12 24 36 -9223372036854775808 1 2 2 0
4 12 24 37 -9223372036854775808 1 2 2 0
4 12 24 38 -9223372036854775808 1 2 2 0
4 12 24 39 -9223372036854775808 1 2 2 0
4 12 24 40 -9223372036854775808 1 2 2 0
4 12 24 41 -9223372036854775808 1 2 2 0
4 12 24 42 -9223372036854775808 1 2 2 0
4 12 24 43 -9223372036854775808 1 2 2 0
4 12 24 44 -128 3 1 1 1
4 12 24 45 -131 3 1 1 1
4 12 24 46 -134 3 1 1 1
4 12 24 47 -137 3 1 1 1
4 12 24 48 -132 3 1 1 2
4 12 24 49 -141 3 1 1 2
4 12 24 50 -146 3 1 1 2
4 12 24 51 -149 3 1 1 2
4 12 24 52 -152 2 2 1 4
4 12 24 53 -155 2 2 1 4
4 12 24 54 -158 2 2 1 4
4 12 24 55 -161 2 2 1 4
4 12 24 56 -164 2 2 1 6
4 12 24 57 -167 2 2 1 6
4 12 24 58 -170 2 2 1 6
4 12 24 59 -173 2 2 1 6
4 12 24 60 -176 1 3 1 9
4 12 24 61 -179 1 3 1 9
4 12 24 62 -182 1 3 1 9
4 12 24 63 -185 1 3 1 9
4 12 24 64 -188 1 3 1 13
4 16 16 32 -9223372036854775808 1 3 1 0
4 16 16 33 -9223372036854775808 1 3 1 0
4 16 16 34 -9223372036854775808 1 3 1 0
4 16 16 35 -9223372036854775808 1 3 1 0
4 16 16 36 -9223372036854775808 1 3 1 0
4 16 16 37 -9223372036854775808 1 3 1 0
4 16 16 38 -9223372036854775808 1 3 1 0
4 16 16 39 -9223372036854775808 1 3 1 0
4 16 16 40 -116 3 1 1 1
4 16 16 41 -119 3 1 1 1
4 16 16 42 -122 3 1 1 1
4 16 16 43 -125 3 1 1 1
4 16 16 44 -128 3 1 1 2
4 16 16 45 -131 3 1 1 2
4 16 16 46 -134 3 1 1 2
4 16 16 47 -137 3 1 1 2
4 16 16 48 -120 3 1 1 3
4 16 16 49 -143 3 1 1 3
4 16 16 50 -146 3 1 1 3
4 16 16 51 -149 3 1 1 3
4 16 16 52 -152 2 1 2 5
4 16 16 53 -155 2 1 2 5
4 16 16 54 -158 2 1 2 5
4 16 16 55 -161 2 1 2 5
4 16 16 56 -164 2 1 2 7
4 16 16 57 -167 2 1 2 7
4 16 16 58 -170 2 1 2 7
4 16 16 59 -173 2 1 2 7
4 16 16 60 -176 2 1 2 9
4 16 16 61 -179 2 1 2 9
4 16 16 62 -182 2 1 2 9
4 16 16 63 -185 2 1 2 9
4 16 16 64 -188 1 1 3 13
4 16 20 36 -9223372036854775808 1 1 3 0
4 16 20 37 -9223372036854775808 1 1 3 0
4 16 20 38 -9223372036854775808 1 1 3 0
4 16 20 39 -9223372036854775808 1 1 3 0
4 16 20 40 -9223372036854775808 1 1 3 0
4 16 20 41 -9223372036854775808 1 1 3 0
4 16 20 42 -9223372036854775808 1 1 3 0
4 16 20 43 -9223372036854775808 1 1 3 0
4 16 20 44 -128 3 1 1 1
4 16 20 45 -131 3 1 1 1
4 16 20 46 -134 3 1 1 1
4 16 20 47 -137 3 1 1 1
4 16 20 48 -140 3 1 1 2
4 16 20 49 -143 3 1 1 2
4 16 20 50 -146 3 1 1 2
4 16 20 51 -149 3 1 1 2
4 16 20 52 -152 3 1 1 3
4 16 20 53 -155 3 1 1 3
4 16 20 54 -158 3 1 1 3
4 16 20 55 -161 3 1 1 3
4 16 20 56 -164 2 2 1 5
4 16 20 57 -167 2 2 1 5
4 16 20 58 -170 2 2 1 5
4 16 20 59 -173 2 2 1 5
4 16 20 60 -176 2 1 2 8
4 16 20 61 -179 2 1 2 8
4 16 20 62 -182 2 1 2 8
4 16 20 63 -185 2 1 2 8
4 16 20 64 -188 2 1 2 11
4 16 24 40 -9223372036854775808 2 1 2 0
4 16 24 41 -9223372036854775808 2 1 2 0
4 16 24 42 -9223372036854775808 2 1 2 0
4 16 24 43 -9223372036854775808 2 1 2 0
4 16 24 44 -9223372036854775808 2 1 2 0
4 16 24 45 -9223372036854775808 2 1 2 0
4 16 24 46 -9223372036854775808 2 1 2 0
4 16 24 47 -9223372036854775808 2 1 2 0
4 16 24 48 -132 3 1 1 1
4 16 24 49 -141 3 1 1 1
4 16 24 50 -146 3 1 1 1
4 16 24 51 -149 3 1 1 1
4 16 24 52 -152 3 1 1 2
4 16 24 53 -155 3 1 1 2
4 16 24 54 -158 3 1 1 2
4 16 24 55 -161 3 1 1 2
4 16 24 56 -164 3 1 1 3
4 16 24 57 -167 3 1 1 3
4 16 24 58 -170 3 1 1 3
4 16 24 59 -173 3 1 1 3
4 16 24 60 -176 2 2 1 5
4 16 24 61 -179 2 2 1 5
4 16 24 62 -182 2 2 1 5
4 16 24 63 -185 2 2 1 5
4 16 24 64 -188 2 2 1 7
4 20 20 40 -9223372036854775808 2 2 1 0
4 20 20 41 -9223372036854775808 2 2 1 0
4 20 20 42 -9223372036854775808 2 2 1 0
4 20 20 43 -9223372036854775808 2 2 1 0
4 20 20 44 -9223372036854775808 2 2 1 0
4 20 20 45 -9223372036854775808 2 2 1 0
4 20 20 46 -9223372036854775808 2 2 1 0
4 20 20 47 -9223372036854775808 2 2 1 0
4 20 20 48 -140 3 1 1 1
4 20 20 49 -143 3 1 1 1
4 20 20 50 -146 3 1 1 1
4 20 20 51 -149 3 1 1 1
4 20 20 52 -152 3 1 1 2
4 20 20 53 -155 3 1 1 2
4 20 20 54 -158 3 1 1 2
4 20 20 55 -161 3 1 1 2
4 20 20 56 -164 3 1 1 3
4 20 20 57 -167 3 1 1 3
4 20 20 58 -170 3 1 1 3
4 20 20 59 -173 3 1 1 3
4 20 20 60 -160 3 1 1 4
4 20 20 61 -179 3 1 1 4
4 20 20 62 -182 3 1 1 4
4 20 20 63 -185 3 1 1 4
4 20 20 64 -188 2 1 2 6
4 20 24 44 -9223372036854775808 2 1 2 0
4 20 24 45 -9223372036854775808 2 1 2 0
4 20 24 46 -9223372036854775808 2 1 2 0
4 20 24 47 -9223372036854775808 2 1 2 0
4 20 24 48 -9223372036854775808 2 1 2 0
4 20 24 49 -9223372036854775808 2 1 2 0
4 20 24 50 -9223372036854775808 2 1 2 0
4 20 24 51 -9223372036854775808 2 1 2 0
4 20 24 52 -152 3 1 1 1
4 20 24 53 -155 3 1 1 1
4 20 24 54 -158 3 1 1 1
4 20 24 55 -161 3 1 1 1
4 20 24 56 -164 3 1 1 2
4 20 24 57 -167 3 1 1 2
4 20 24 58 -170 3 1 1 2
4 20 24 59 -173 3 1 1 2
4 20 24 60 -176 3 1 1 3
4 20 24 61 -179 3 1 1 3
4 20 24 62 -182 3 1 1 3
4 20 24 63 -185 3 1 1 3
4 20 24 64 -188 3 1 1 4
4 24 24 48 -9223372036854775808 3 1 1 0
4 24 24 49 -9223372036854775808 3 1 1 0
4 24 24 50 -9223372036854775808 3 1 1 0
4 24 24 51 -9223372036854775808 3 1 1 0
4 24 24 52 -9223372036854775808 3 1 1 0
4 24 24 53 -9223372036854775808 3 1 1 0
4 24 24 54 -9223372036854775808 3 1 1 0
4 24 24 55 -9223372036854775808 3 1 1 0
4 24 24 56 -164 3 1 1 1
4 24 24 57 -167 3 1 1 1
4 24 24 58 -170 3 1 1 1
4 24 24 59 -173 3 1 1 1
4 24 24 60 -176 3 1 1 2
4 24 24 61 -179 3 1 1 2
4 24 24 62 -182 3 1 1 2
4 24 24 63 -185 3 1 1 2
4 24 24 64 -188 3 1 1 3
